0 0 0 0 0 0 0 0 0 0 0 0 0 0 0 0 0 0 0 0 0 0 0 0 0 0 0 0 0 0 0 0 0 0 0 0 0 0 0 0 0 0 0 0 0 0 0 0 0 0 0 0 0 0 0 0 0 0 0 0 0 0 0 0 0 0 0 0 0 0 0 0 0 0 0 0 0 0 0 0 0 0 0 0 0 0 0 0 0 0 0 0 0 0 0 0 0 0 0 0 0 0 0 0 0 0 0 0 0 0 0 0 0 0 0 0 0 0 0 0 0 0 0 0 0 0 0 0 0 0 0 0 0 0 0 0 0 0 0 0 0 0 0 0 0 0 0 0 0 0 0 0 0 0 0 0 0 0 0 0 0 0 0 0 0 0 0 0 0 0 0 0 0 0 0 0 0 0 0 0 0 0 0 0 0 0 0 0 0 0 0 0 0 0 0 0 0 0 0 0 0 0 0 0 0 0 0 0 0 0 0 0 0 0 0 0 0 0 0 0 0 0 0 0 0 0 0 0 0 0 0 0 0 0 0 0 0
0 0 0 0 0 0 0 0 0 0 0 0 0 0 0 0 0 0 0 0 0 0 0 0 0 0 0 0 0 0 0 0 0 0 0 0 0 0 0 0 0 0 0 0 0 0 0 0 0 0 0 0 0 0 0 0 0 0 0 0 0 0 0 0 0 0 0 0 0 0 0 0 0 0 0 0 0 0 0 0 0 0 0 0 0 0 0 0 0 0 0 0 0 0 0 0 0 0 0 0 0 0 0 0 0 0 0 0 0 0 0 0 0 0 0 0 0 0 0 0 0 0 0 0 0 0 0 0 0 0 0 0 0 0 0 0 0 0 0 0 0 0 0 0 0 0 0 0 0 0 0 0 0 0 0 0 0 0 0 0 0 0 0 0 0 0 0 0 0 0 0 0 0 0 0 0 0 0 0 0 0 0 0 0 0 0 0 0 0 0 0 0 0 0 0 0 0 0 0 0 0 0 0 0 0 0 0 0 0 0 0 0 0 0 0 0 0 0 0 0 0 0 0 0 0 0 0 0 0 0 0 0 0 0 0 0 0
0 0 0 0 0 0 0 0 0 0 0 0 0 0 0 0 0 0 0 0 0 0 0 0 0 0 0 0 0 0 0 0 0 0 0 0 0 0 0 0 0 0 0 0 0 0 0 0 0 0 0 0 0 0 0 0 0 0 0 0 0 0 0 0 0 0 0 0 0 0 0 0 0 0 0 0 0 0 0 0 0 0 0 0 0 0 0 0 0 0 0 0 0 0 0 0 0 0 0 0 0 0 0 0 0 0 0 0 0 0 0 0 0 0 0 0 0 0 0 0 0 0 0 0 0 0 0 0 0 0 0 0 0 0 0 0 0 0 0 0 0 0 0 0 0 0 0 0 0 0 0 0 0 0 0 0 0 0 0 0 0 0 0 0 0 0 0 0 0 0 0 0 0 0 0 0 0 0 0 0 0 0 0 0 1 0 0 0 0 0 0 0 0 0 0 0 0 0 0 0 0 0 0 0 0 0 0 0 0 0 0 0 0 0 0 0 0 0 0 0 0 0 0 0 0 0 0 0 0 0 0 0 0 0 0 0 0
0 0 0 0 0 0 0 0 0 0 0 0 0 0 0 0 0 0 0 0 0 0 0 0 0 0 0 0 0 0 0 0 0 0 0 0 0 0 0 0 0 0 0 0 0 0 0 0 0 0 0 0 0 0 0 0 0 0 0 0 0 0 0 0 0 0 0 0 0 0 0 0 0 0 0 0 0 0 0 0 0 0 0 0 0 0 0 0 0 0 0 0 0 0 0 0 0 0 0 0 0 0 0 0 0 0 0 0 0 0 0 0 0 0 0 0 0 0 0 0 0 0 0 0 0 0 0 0 0 0 0 0 0 0 0 0 0 0 0 0 0 0 0 0 0 0 0 0 0 0 0 0 0 0 0 0 0 0 0 0 0 0 0 0 0 0 0 0 0 0 0 0 0 0 0 0 0 0 0 0 0 0 0 1 1 1 0 0 0 0 0 0 0 0 0 0 0 0 0 0 0 0 0 0 0 0 0 0 0 0 0 0 0 0 0 0 0 0 0 0 0 0 0 0 0 0 0 0 0 0 0 0 0 0 0 0 0
0 0 0 0 0 0 0 0 0 0 0 0 0 0 0 0 0 0 0 0 0 0 0 0 0 0 0 0 0 0 0 0 0 0 0 0 0 0 0 0 0 0 0 0 0 0 0 0 0 0 0 0 0 0 0 0 0 0 0 0 0 0 0 0 0 0 0 0 0 0 0 0 0 0 0 0 0 0 0 0 0 0 0 0 0 0 0 0 0 0 0 0 0 0 0 0 0 0 0 0 0 0 0 0 0 0 0 0 0 0 0 0 0 0 0 0 0 0 0 0 0 0 0 0 0 0 0 0 0 0 0 0 0 0 0 0 0 0 0 0 0 0 0 0 0 0 0 0 0 0 0 0 0 0 0 0 0 0 0 0 0 0 0 0 0 0 0 0 0 0 0 0 0 0 0 0 0 0 0 0 0 0 0 1 1 1 1 1 1 1 1 1 0 0 0 0 0 0 0 0 0 0 0 0 0 0 0 0 0 0 0 0 0 0 0 0 0 0 0 0 0 0 0 0 0 0 0 0 0 0 0 0 0 0 0 0 0
0 0 0 0 0 0 0 0 0 0 0 0 0 0 0 0 0 0 0 0 0 0 0 0 0 0 0 0 0 0 0 0 0 0 0 0 0 0 0 0 0 0 0 0 0 0 0 0 0 0 0 0 0 0 0 0 0 0 0 0 0 0 0 0 0 0 0 0 0 0 0 0 0 0 0 0 0 0 0 0 0 0 0 0 0 0 0 0 0 0 0 0 0 0 0 0 0 0 0 0 0 0 0 0 0 0 0 0 0 0 0 0 0 0 0 0 0 0 0 0 0 0 0 0 0 0 0 0 0 0 0 0 0 0 0 0 0 0 0 0 0 0 0 0 0 0 0 0 0 0 0 0 0 0 0 0 0 0 0 0 0 0 0 0 0 0 0 0 0 0 0 0 0 0 0 0 0 0 0 0 0 0 0 1 1 1 1 1 1 1 1 1 1 0 0 0 0 0 0 0 0 0 0 0 0 0 0 0 0 0 0 0 0 0 0 0 0 0 0 0 0 0 0 0 0 0 0 0 0 0 0 0 0 0 0 0 0
0 0 0 0 0 0 0 0 0 0 0 0 0 0 0 0 0 0 0 0 0 0 0 0 0 0 0 0 0 0 0 0 0 0 0 0 0 0 0 0 0 0 0 0 0 0 0 0 0 0 0 0 0 0 0 0 0 0 0 0 0 0 0 0 0 0 0 0 0 0 0 0 0 0 0 0 0 0 0 0 0 0 0 0 0 0 0 0 0 0 0 0 0 0 0 0 0 0 0 0 0 0 0 0 0 0 0 0 0 0 0 0 0 0 0 0 0 0 0 0 0 0 0 0 0 0 0 0 0 0 0 0 0 0 0 0 0 0 0 0 0 0 0 0 0 0 0 0 0 0 0 0 0 0 0 0 0 0 0 0 0 0 0 0 0 0 0 0 0 0 0 0 4 4 4 4 2 2 2 2 2 0 0 1 1 1 1 1 1 1 1 1 1 1 0 0 0 0 0 0 0 0 0 0 0 0 0 0 0 0 0 0 0 0 0 0 0 0 0 0 0 0 0 0 0 0 0 0 0 0 0 0 0 0 0 0 0
0 0 0 0 0 0 0 0 0 0 0 0 0 0 0 0 0 0 0 0 0 0 0 0 0 0 0 0 0 0 0 0 0 0 0 0 0 0 0 0 0 0 0 0 0 0 0 0 0 0 0 0 0 0 0 0 0 0 0 0 0 0 0 0 0 0 0 0 0 0 0 0 0 0 0 0 0 0 0 0 0 0 0 0 0 0 0 0 0 0 0 0 0 0 0 0 0 0 0 0 0 0 0 0 0 0 0 0 0 0 0 0 0 0 0 0 0 0 0 0 0 0 0 0 0 0 0 0 0 0 0 0 0 0 0 0 0 0 0 0 0 0 0 0 0 0 0 0 0 0 0 0 0 0 0 0 0 0 0 0 0 0 0 0 0 0 0 0 0 0 0 4 4 4 4 4 2 2 2 2 2 2 0 1 1 1 1 1 1 1 1 1 1 5 5 5 0 0 0 0 0 0 0 0 0 0 0 0 0 0 0 0 0 0 0 0 0 0 0 0 0 0 0 0 0 0 0 0 0 0 0 0 0 0 0 0 0
0 0 0 0 0 0 0 0 0 0 0 0 0 0 0 0 0 0 0 0 0 0 0 0 0 0 0 0 0 0 0 0 0 0 0 0 0 0 0 0 0 0 0 0 0 0 0 0 0 0 0 0 0 0 0 0 0 0 0 0 0 0 0 0 0 0 0 0 0 0 0 0 0 0 0 0 0 0 0 0 0 0 0 0 0 0 0 0 0 0 0 0 0 0 0 0 0 0 0 0 0 0 0 0 0 0 0 0 0 0 0 0 0 0 0 0 0 0 0 0 0 0 0 0 0 0 0 0 0 0 0 0 0 0 0 0 0 0 0 0 0 0 0 0 0 0 0 0 0 0 0 0 0 0 0 0 0 0 0 0 0 0 0 0 0 0 0 0 7 7 7 4 4 4 4 2 2 2 2 2 2 2 9 9 1 1 1 1 1 1 1 1 1 5 5 5 5 5 5 5 0 0 0 0 0 5 5 6 6 0 0 0 0 0 0 0 0 0 0 0 0 0 0 0 0 0 0 0 0 0 0 0 0 0 0 0 0
0 0 0 0 0 0 0 0 0 0 0 0 0 0 0 0 0 0 0 0 0 0 0 0 0 0 0 0 0 0 0 0 0 0 0 0 0 0 0 0 0 0 0 0 0 0 0 0 0 0 0 0 0 0 0 0 0 0 0 0 0 0 0 0 0 0 0 0 0 0 0 0 0 0 0 0 0 0 0 0 0 0 0 0 0 0 0 0 0 0 0 0 0 0 0 0 0 0 0 0 0 0 0 0 0 0 0 0 0 0 0 0 0 0 0 0 0 0 0 0 0 0 0 0 0 0 0 0 0 0 0 0 0 0 0 0 0 0 0 0 0 0 0 0 0 0 0 0 0 0 0 0 0 0 0 0 0 0 0 0 0 0 0 0 0 0 7 7 7 7 7 4 4 4 4 2 2 2 2 2 2 9 9 9 1 1 1 1 1 1 1 1 5 5 5 5 5 5 5 5 5 5 5 5 5 5 6 6 6 6 6 0 0 0 0 0 0 0 0 0 0 0 0 0 0 0 0 0 0 0 0 0 0 0 0 0 0
0 0 0 0 0 0 0 0 0 0 0 0 0 0 0 0 0 0 0 0 0 0 0 0 0 0 0 0 0 0 0 0 0 0 0 0 0 0 0 0 0 0 0 0 0 0 0 0 0 0 0 0 0 0 0 0 0 0 0 0 0 0 0 0 0 0 0 0 0 0 0 0 0 0 0 0 0 0 0 0 0 0 0 0 0 0 0 0 0 0 0 0 0 0 0 0 0 0 0 0 0 0 0 0 0 0 0 0 0 0 0 0 0 0 0 0 0 0 0 0 0 0 0 0 0 0 0 0 0 0 0 0 0 0 0 0 0 0 0 0 0 0 0 0 0 0 0 0 0 0 0 0 0 0 0 0 0 0 0 0 0 0 7 7 7 7 7 7 7 7 4 4 4 4 4 2 2 2 2 2 9 9 9 9 1 1 1 1 1 1 1 1 5 5 5 5 5 5 5 5 5 5 5 5 5 6 6 6 6 6 6 6 0 0 0 0 0 0 0 0 0 0 0 0 0 0 0 0 0 0 0 0 0 0 0 0 0
0 0 0 0 0 0 0 0 0 0 0 0 0 0 0 0 0 0 0 0 0 0 0 0 0 0 0 0 0 0 0 0 0 0 0 0 0 0 0 0 0 0 0 0 0 0 0 0 0 0 0 0 0 0 0 0 0 0 0 0 0 0 0 0 0 0 0 0 0 0 0 0 0 0 0 0 0 0 0 0 0 0 0 0 0 0 0 0 0 0 0 0 0 0 0 0 0 0 0 0 0 0 0 0 0 0 0 0 0 0 0 0 0 0 0 0 0 0 0 0 0 0 0 0 0 0 0 0 0 0 0 0 0 0 0 0 0 0 0 0 0 0 0 0 0 0 0 0 0 0 0 0 0 0 0 0 0 0 0 0 7 7 7 7 7 7 7 7 7 4 4 4 4 4 4 4 2 2 2 9 9 9 9 9 1 1 1 1 1 1 1 5 5 5 5 5 5 5 5 5 5 5 5 5 5 6 6 6 6 6 6 6 8 8 0 8 0 0 0 0 0 0 0 0 0 0 0 0 0 0 0 0 0 0 0 0 0
0 0 0 0 0 0 0 0 0 0 0 0 0 0 0 0 0 0 0 0 0 0 0 0 0 0 0 0 0 0 0 0 0 0 0 0 0 0 0 0 0 0 0 0 0 0 0 0 0 0 0 0 0 0 0 0 0 0 0 0 0 0 0 0 0 0 0 0 0 0 0 0 0 0 0 0 0 0 0 0 0 0 0 0 0 0 0 0 0 0 0 0 0 0 0 0 0 0 0 0 0 0 0 0 0 0 0 0 0 0 0 0 0 0 0 0 0 0 0 0 0 0 0 0 0 0 0 0 0 0 0 0 0 0 0 0 0 0 0 0 0 0 0 0 0 0 0 0 0 0 0 0 0 0 0 0 0 10 10 7 7 7 7 7 7 7 7 7 4 4 4 4 4 4 4 4 2 2 2 9 9 9 9 13 13 1 1 1 1 1 1 5 5 5 5 5 5 5 5 5 5 5 5 5 5 6 6 6 6 6 6 8 8 8 8 8 0 0 0 0 0 0 0 0 0 0 0 0 0 0 0 0 0 0 0 0 0
0 0 3 3 0 0 0 0 0 0 0 0 0 0 0 0 0 0 0 0 0 0 0 0 0 0 0 0 0 0 0 0 0 0 0 0 0 0 0 0 0 0 0 0 0 0 0 0 0 0 0 0 0 0 0 0 0 0 0 0 0 0 0 0 0 0 0 0 0 0 0 0 0 0 0 0 0 0 0 0 0 0 0 0 0 0 0 0 0 0 0 0 0 0 0 0 0 0 0 0 0 0 0 0 0 0 0 0 0 0 0 0 0 0 0 0 0 0 0 0 0 0 0 0 0 0 0 0 0 0 0 0 0 0 0 0 0 0 0 0 0 0 0 0 0 0 0 0 0 0 0 0 0 0 10 10 10 7 7 7 7 7 7 7 7 7 7 4 4 4 4 4 4 4 4 2 2 9 9 9 9 9 13 13 13 1 1 1 1 1 1 5 5 5 5 5 5 5 5 5 5 5 5 6 6 6 6 6 6 6 8 8 8 8 8 8 8 0 0 0 0 0 0 0 0 0 0 0 0 0 0 0 0 0 0 0 0
0 0 0 3 3 0 0 0 0 0 0 0 0 0 0 0 0 0 0 0 0 0 0 0 0 0 0 0 0 0 0 0 0 0 0 0 0 0 0 0 0 0 0 0 0 0 0 0 0 0 0 0 0 0 0 0 0 0 0 0 0 0 0 0 0 0 0 0 0 0 0 0 0 0 0 0 0 0 0 0 0 0 0 0 0 0 0 0 0 0 0 0 0 0 0 0 0 0 0 0 0 0 0 0 0 0 0 0 0 0 0 0 0 0 0 0 0 0 0 0 0 0 0 0 0 0 0 0 0 0 0 0 0 0 0 0 0 0 0 0 0 0 0 0 0 0 0 0 0 0 0 0 10 10 10 10 7 7 7 7 7 7 7 7 7 7 4 4 4 4 4 4 4 4 2 2 2 9 9 9 9 13 13 13 13 1 1 1 1 1 1 5 5 5 5 5 5 5 5 5 5 5 5 6 6 6 6 6 6 8 8 8 8 8 8 8 8 8 0 0 0 0 0 0 0 0 0 0 0 0 0 0 0 0 0 0 0
0 0 0 3 3 3 3 3 3 3 3 3 3 3 3 3 0 0 0 0 0 0 0 0 0 0 0 0 0 0 0 0 0 0 0 0 0 0 0 0 0 0 0 0 0 0 0 0 0 0 0 0 0 0 0 0 0 0 0 0 0 0 0 0 0 0 0 0 0 0 0 0 0 0 0 0 0 0 0 0 0 0 0 0 0 0 0 0 0 0 0 0 0 0 0 0 0 0 0 0 0 0 0 0 0 0 0 0 0 0 0 0 0 0 0 0 0 0 0 0 0 0 0 0 0 0 0 0 0 0 0 0 0 0 0 0 0 0 0 0 0 14 14 14 14 14 0 0 14 14 14 10 10 10 10 7 7 7 7 7 7 7 7 7 7 4 4 4 4 4 4 4 4 2 2 2 16 9 9 9 13 13 13 13 13 1 1 1 1 1 5 5 5 5 5 5 5 5 5 5 5 5 5 6 6 6 6 6 6 8 8 8 8 8 8 8 8 17 17 17 0 0 0 0 0 0 0 0 0 0 0 0 0 0 0 0 0
0 0 0 0 3 3 3 3 3 3 3 3 3 3 3 3 3 12 12 0 0 0 0 0 0 0 0 0 0 0 0 0 0 0 0 0 0 0 0 0 0 0 0 0 0 0 0 0 0 0 0 0 0 0 0 0 0 0 0 0 0 0 0 0 0 0 0 0 0 0 0 0 0 0 0 0 0 0 0 0 0 0 0 0 0 0 0 0 0 0 0 0 0 0 0 0 0 0 0 0 0 0 0 0 0 0 0 0 0 0 0 0 0 0 0 0 0 0 0 0 0 0 0 0 0 0 0 0 0 0 0 0 0 0 0 0 0 0 0 0 14 14 14 14 14 14 0 0 14 14 14 10 10 10 7 7 7 7 7 7 7 7 7 7 4 4 4 4 4 4 4 4 2 2 2 16 16 9 9 9 13 13 13 13 13 1 1 1 1 5 5 5 5 5 5 5 5 5 5 5 5 5 6 6 6 6 6 6 8 8 8 8 8 8 8 8 19 19 17 17 17 17 17 17 17 0 0 0 0 20 20 0 0 0 0 0 0
0 0 0 0 0 0 3 3 3 3 3 3 3 3 3 12 12 12 12 12 12 0 0 0 0 0 0 0 0 0 0 0 0 0 0 0 0 0 0 0 0 0 0 0 0 0 0 0 0 0 0 0 0 0 0 0 0 0 0 0 0 0 0 0 0 0 0 0 0 0 0 0 0 0 0 0 0 0 0 0 0 0 0 0 0 0 0 0 0 0 0 0 0 0 0 0 0 0 0 0 0 0 0 0 0 0 0 0 0 0 0 0 0 0 0 0 0 0 0 0 0 0 0 0 0 0 0 0 0 0 0 0 0 0 0 0 23 23 14 14 14 14 14 14 14 14 14 14 14 14 14 10 10 7 7 7 7 7 7 7 7 7 7 4 4 4 4 4 4 4 2 2 2 2 16 16 16 9 9 16 13 13 13 13 13 1 1 1 5 5 5 5 5 5 5 5 5 5 15 15 15 6 6 6 6 6 6 8 8 8 8 8 8 8 8 19 19 19 17 17 17 17 17 17 17 17 17 0 20 20 20 20 0 0 0 0 0
0 0 0 0 0 0 0 3 3 3 3 3 3 3 12 12 12 12 12 12 12 12 12 0 0 0 0 0 0 0 0 0 0 0 0 0 0 0 0 0 0 0 0 0 0 0 0 0 0 0 0 0 0 0 0 0 0 0 0 0 0 0 0 0 0 0 0 0 0 0 0 0 0 0 0 0 0 0 0 0 0 0 0 0 0 0 0 0 0 0 0 0 0 0 0 0 0 0 0 0 0 0 0 0 0 0 0 0 0 0 0 0 0 0 0 0 0 0 0 0 0 0 0 0 0 0 18 0 0 0 0 0 0 18 23 23 23 23 14 14 14 14 14 14 14 14 14 14 14 14 10 10 10 4 4 4 4 4 4 4 4 4 4 4 4 4 4 4 2 2 2 2 2 16 16 16 16 9 16 13 13 13 13 13 13 1 5 5 5 5 5 5 5 5 5 5 5 15 15 15 15 6 6 6 6 6 6 8 8 8 8 8 8 8 19 19 19 19 17 17 17 17 17 17 17 17 17 17 17 20 20 20 20 20 0 0 0
0 0 0 0 0 0 0 0 3 3 3 3 3 3 11 11 12 12 12 12 12 12 12 12 12 12 12 0 0 0 0 0 0 0 0 0 0 0 0 0 0 0 0 0 0 0 0 0 0 0 0 0 0 0 0 0 0 0 0 0 0 0 0 0 0 0 0 0 0 0 0 0 0 0 0 0 0 0 0 0 0 0 0 0 0 0 0 0 0 0 0 0 0 0 0 0 0 0 0 0 0 0 0 0 0 0 0 0 0 0 0 0 0 0 0 0 0 0 0 0 0 0 0 0 0 0 18 18 18 18 18 18 18 18 23 23 23 23 23 14 14 14 14 14 14 14 14 14 14 14 10 10 10 10 10 10 10 10 10 10 10 10 10 10 10 10 2 2 2 2 2 2 16 16 16 16 9 16 13 13 13 13 13 13 13 5 5 5 5 5 5 5 5 5 5 5 15 15 15 15 15 15 6 6 6 8 8 8 8 8 8 8 8 19 19 19 19 19 17 17 17 17 17 17 17 17 17 17 20 20 20 20 20 20 0 0 0
0 0 0 0 0 0 0 0 0 3 3 3 3 3 3 11 11 11 11 12 12 12 12 12 12 12 12 12 12 0 0 0 0 0 0 0 0 0 0 0 0 0 0 0 0 0 0 0 0 0 0 0 0 0 0 0 0 0 0 0 0 0 0 0 0 0 0 0 0 0 0 0 0 0 0 0 0 0 0 0 0 0 0 0 0 0 0 0 0 0 0 0 0 0 0 0 0 0 0 0 0 0 0 0 0 0 0 0 0 0 0 0 0 0 0 0 0 0 0 0 0 0 0 0 0 0 18 18 18 18 18 18 18 24 23 23 23 23 23 14 14 14 14 14 14 14 14 14 14 14 10 10 10 2 2 2 2 2 10 10 10 10 10 10 10 2 2 2 2 2 2 16 16 16 16 9 16 13 13 13 13 13 13 13 13 13 5 5 5 5 5 13 13 21 21 15 15 15 15 15 15 15 15 6 8 8 8 8 8 8 8 8 19 19 19 19 19 17 17 17 17 17 17 17 17 17 17 17 20 20 20 20 20 20 0 0 0
0 0 0 0 0 0 0 0 0 0 0 0 3 3 3 3 3 11 11 11 12 12 12 12 12 12 12 12 12 12 0 0 0 0 0 0 0 0 0 0 0 0 0 0 0 0 0 0 0 0 0 0 0 0 0 0 0 0 0 0 0 0 0 0 0 0 0 0 0 0 0 0 0 0 0 0 0 0 0 0 0 0 0 0 0 0 0 0 0 0 0 0 0 0 0 0 0 0 0 0 0 0 0 0 0 0 0 0 0 0 0 0 0 0 0 0 0 0 0 0 0 0 0 0 0 0 18 18 18 18 18 24 24 24 24 23 23 23 23 14 14 14 14 14 14 14 14 14 14 14 2 2 2 2 2 2 2 2 2 2 2 2 2 2 2 2 2 2 2 2 16 16 16 16 9 16 13 13 13 13 13 13 13 13 13 13 13 13 13 13 13 21 21 21 15 15 15 15 15 15 15 15 15 15 15 15 8 8 8 8 8 8 19 19 19 19 19 17 17 17 17 17 17 17 17 17 17 17 20 20 20 20 20 20 0 0 0
0 0 0 0 0 0 0 0 0 0 0 0 0 0 0 3 3 11 11 11 11 11 12 12 12 12 12 12 12 12 12 12 0 0 0 0 0 0 0 0 0 0 0 0 0 0 0 0 0 0 0 0 0 0 0 0 0 0 0 0 0 0 0 0 0 0 0 0 0 0 0 0 0 0 0 0 0 0 0 0 0 0 0 0 0 0 0 0 0 0 0 0 0 0 0 0 0 0 0 0 0 0 0 0 0 0 0 0 0 0 0 0 0 0 0 0 0 0 0 0 0 0 0 0 0 18 18 18 18 18 24 24 24 24 24 23 23 23 23 14 14 14 14 14 14 14 14 14 14 14 14 14 14 2 2 2 2 2 2 29 29 16 16 16 16 16 2 2 16 16 16 16 16 16 16 13 13 13 13 13 13 13 13 13 13 13 13 13 13 13 21 21 21 21 15 15 15 15 15 15 15 15 15 15 15 15 8 8 8 8 19 19 19 19 19 19 19 17 17 17 17 17 17 17 17 17 17 20 20 20 20 20 20 20 0 0 0
0 0 0 0 0 0 0 0 0 0 0 0 0 0 0 0 0 0 11 11 11 11 11 12 12 12 12 12 12 12 12 12 12 0 0 0 0 0 0 0 0 0 0 0 0 0 0 0 0 0 0 0 0 0 0 0 0 0 0 0 0 0 0 0 0 0 0 0 0 0 0 0 0 0 0 0 0 0 0 0 0 0 0 0 0 0 0 0 0 0 0 0 0 0 0 0 0 0 0 0 0 0 0 0 0 0 0 0 0 0 0 0 0 0 0 0 0 0 0 0 0 0 0 0 0 18 18 18 18 18 24 24 24 24 24 24 23 23 23 14 14 14 14 14 14 14 14 14 14 14 14 14 14 14 14 14 29 29 29 29 16 16 16 16 16 16 16 16 16 16 16 16 16 16 16 16 13 13 13 13 13 13 13 13 13 13 13 13 13 21 21 21 15 15 15 15 15 15 15 15 15 15 15 15 15 15 15 15 19 19 19 19 19 19 19 19 19 17 17 17 17 17 17 17 17 17 17 20 20 20 20 20 20 20 20 0 0
0 0 0 0 0 0 0 0 0 0 0 0 0 0 0 0 0 0 0 0 11 11 11 11 11 11 12 12 12 12 12 12 12 12 0 0 0 0 0 0 0 0 0 0 0 0 0 0 0 0 0 0 0 0 0 0 0 0 0 0 0 0 0 0 0 0 0 0 0 0 0 0 0 0 0 0 0 0 0 0 0 0 0 0 0 0 0 0 0 0 0 0 0 0 0 0 0 0 0 0 0 0 0 0 0 0 0 0 0 0 0 0 0 0 0 0 0 0 0 0 0 0 0 18 18 18 18 18 18 18 24 24 24 24 24 24 23 23 23 14 14 14 14 14 14 14 14 14 14 14 14 14 29 29 29 29 29 29 16 16 16 16 16 16 16 16 16 16 16 16 16 16 16 16 16 16 16 16 13 13 13 13 13 13 13 21 21 21 21 21 21 15 15 15 15 15 15 15 15 15 15 15 15 15 15 15 15 19 19 19 19 19 19 19 19 19 37 37 17 17 17 17 17 17 17 17 20 20 20 20 20 20 20 20 0 0 0
0 0 0 0 0 0 0 0 0 0 0 0 0 0 0 0 0 0 0 0 0 11 11 11 11 11 11 11 11 12 12 12 12 12 12 0 0 0 0 0 0 0 0 0 0 0 0 0 0 0 0 0 0 0 0 0 0 0 0 0 0 0 0 0 0 0 0 0 0 0 0 0 0 0 0 0 0 0 0 0 0 0 0 0 0 0 0 0 0 0 0 0 0 0 0 0 0 0 0 0 0 0 0 0 0 0 0 0 0 0 0 0 0 0 0 0 0 0 0 0 0 0 30 30 18 18 18 18 18 18 18 24 24 24 24 24 23 23 23 14 14 14 14 14 14 14 14 14 14 14 29 29 29 29 29 16 16 16 16 16 16 16 16 16 16 16 16 16 16 16 16 16 16 16 16 16 16 16 16 16 16 21 21 21 21 21 21 21 21 21 21 22 22 22 22 22 22 22 22 22 22 15 15 15 15 15 15 19 19 19 19 19 19 19 19 19 37 37 17 17 17 17 17 17 17 20 20 20 20 20 20 20 20 20 0 0 0
0 0 0 0 0 0 0 0 0 0 0 0 0 0 0 0 0 0 0 0 0 0 0 0 11 11 11 11 11 11 12 12 12 12 12 0 0 0 0 0 0 0 0 0 0 0 0 0 0 0 0 0 0 0 0 0 0 0 0 0 0 0 0 0 0 0 0 0 0 0 0 0 0 0 0 0 0 0 0 0 0 0 0 0 0 0 0 0 0 0 0 0 0 0 0 0 0 0 0 0 0 0 0 0 0 0 0 0 0 0 0 0 0 0 0 0 0 0 0 0 0 30 30 30 18 18 18 18 18 18 18 24 24 24 24 24 28 23 23 23 14 14 14 14 14 14 14 14 14 29 29 29 29 16 16 16 16 16 16 16 16 16 16 16 16 16 16 16 16 16 16 16 16 16 16 16 16 16 16 26 21 21 21 21 21 21 21 21 21 21 21 21 22 22 22 22 19 19 19 19 19 19 19 19 19 19 19 19 19 19 19 19 19 19 19 37 37 17 17 17 17 20 20 20 20 20 20 20 20 20 20 20 20 20 0 0 0
0 0 0 0 0 0 0 0 0 0 0 0 0 0 0 0 0 0 0 0 0 0 0 0 0 11 11 11 11 11 11 11 12 12 12 12 0 0 0 0 0 0 0 0 0 0 0 0 0 0 0 0 0 0 0 0 0 0 0 0 0 0 0 0 0 0 0 0 0 0 0 0 0 0 0 0 0 0 0 0 0 0 0 0 0 0 0 0 0 0 0 0 0 0 0 0 0 0 0 0 0 0 0 0 0 0 0 0 0 0 0 0 0 0 0 0 0 0 0 0 30 30 30 30 18 18 18 18 18 18 18 18 24 24 24 24 28 28 28 23 23 14 14 14 14 14 14 14 29 29 29 29 16 16 16 16 26 26 26 16 16 16 16 16 16 16 16 16 16 26 16 16 16 16 16 26 26 26 26 21 21 21 21 21 21 21 21 21 21 21 21 21 21 22 22 22 25 25 25 25 25 25 25 25 19 19 19 19 19 19 19 19 19 19 37 37 17 17 17 17 20 20 20 20 20 20 20 20 20 20 20 20 20 20 0 0 0
0 0 0 0 0 0 0 0 0 0 0 0 0 0 0 0 0 0 0 0 0 0 0 0 0 11 11 11 11 11 11 11 11 11 11 12 12 0 0 0 0 0 0 0 0 0 0 0 0 0 0 0 0 0 0 0 0 0 0 0 0 0 0 0 0 0 0 0 0 0 0 0 0 0 0 0 0 0 0 0 0 0 0 0 0 0 0 0 0 0 0 0 0 0 0 0 0 0 0 0 0 0 0 0 0 0 0 0 0 0 0 0 0 0 0 0 0 0 0 30 30 30 30 30 30 18 18 18 18 18 18 18 40 24 24 24 28 28 28 28 23 14 14 14 28 28 14 29 29 29 29 16 16 16 26 26 26 26 26 26 26 16 16 16 26 26 26 26 26 26 26 26 26 26 26 26 26 26 26 27 27 27 27 27 27 27 27 27 27 21 21 21 21 21 22 22 25 25 25 25 25 25 25 25 25 19 19 19 19 19 19 19 19 25 37 17 17 17 17 20 20 20 20 20 20 20 20 20 20 42 42 42 20 20 0 0 0
0 0 0 0 0 0 0 0 0 0 0 0 0 0 0 0 0 0 0 0 0 0 0 0 0 11 11 11 11 11 11 11 11 11 11 11 12 12 0 0 0 0 0 0 0 0 0 0 0 0 0 0 0 0 0 0 0 0 0 0 0 0 0 0 0 0 0 0 0 0 0 0 0 0 0 0 0 0 0 0 0 0 0 0 0 0 0 0 0 0 0 0 0 0 0 0 0 0 0 0 0 0 0 0 0 0 0 0 0 0 0 0 0 0 0 0 0 0 30 30 30 30 30 30 39 18 18 18 18 18 18 40 40 40 24 24 24 28 28 28 28 23 14 28 28 28 28 29 29 29 16 16 16 26 26 26 26 26 26 26 26 26 26 26 26 26 26 26 26 26 26 26 26 26 26 26 26 26 26 26 26 27 27 27 27 27 27 27 27 27 21 21 21 21 21 22 25 25 25 25 25 25 25 25 25 25 25 25 25 25 25 25 25 37 17 17 17 17 20 20 20 20 20 20 20 20 42 42 42 42 42 42 38 38 0 0 0
0 0 0 0 0 0 0 0 0 0 0 0 0 0 0 0 0 0 0 0 0 0 0 0 0 11 11 11 11 11 11 11 11 11 11 11 11 11 11 0 0 0 0 0 0 0 0 0 0 0 0 0 0 0 0 0 0 0 0 0 0 0 0 0 0 0 0 0 0 0 0 0 0 0 0 0 0 0 0 0 0 0 0 0 0 0 0 0 0 0 0 0 0 0 0 0 0 0 0 0 0 0 0 0 0 0 0 0 0 0 0 0 0 0 0 0 0 30 30 30 30 30 30 30 39 39 18 18 18 18 18 40 40 40 24 24 24 24 28 28 28 28 28 28 28 28 29 29 29 16 16 16 26 26 26 26 26 26 26 26 26 26 26 26 26 26 26 26 26 26 26 26 26 26 26 26 26 26 26 26 26 26 27 27 27 27 27 27 27 27 21 21 21 21 21 21 25 25 25 25 25 25 25 25 25 25 25 25 25 25 25 37 37 17 17 17 17 20 20 20 20 20 20 20 20 42 42 42 42 38 38 38 38 38 0 0 0
0 0 0 0 0 0 0 0 0 0 0 0 0 0 0 0 0 0 0 0 0 0 0 0 0 11 11 11 11 11 11 11 11 11 11 11 11 11 11 0 0 0 0 0 0 0 0 0 0 0 0 0 0 0 0 0 0 0 0 0 0 0 0 0 0 0 0 0 0 0 0 0 0 0 0 0 0 0 0 0 0 0 0 0 0 0 0 0 0 0 0 0 0 0 0 0 0 0 0 0 0 0 0 0 0 0 0 0 0 0 0 0 0 0 0 0 0 30 30 30 30 30 30 39 39 39 18 18 18 18 18 40 40 40 32 24 24 24 28 28 28 28 28 28 28 29 29 29 29 16 16 26 26 26 26 26 26 26 26 26 26 26 26 26 26 26 26 26 26 26 26 26 26 26 26 26 26 26 26 26 26 26 26 27 27 27 27 27 27 27 21 21 21 21 21 21 21 25 25 25 25 25 25 25 25 25 25 25 25 25 37 37 37 17 17 17 20 20 20 20 20 20 20 42 42 42 42 42 38 38 38 38 38 38 38 0 0
0 0 0 0 0 0 0 0 0 0 0 0 0 0 0 0 0 0 0 0 0 0 0 0 0 0 11 11 11 11 11 11 11 11 11 11 11 11 11 11 0 0 0 0 0 0 0 0 0 0 0 0 0 0 0 0 0 0 0 0 0 0 0 0 0 0 0 0 0 0 0 0 0 0 0 0 0 0 0 0 0 0 0 0 0 0 0 0 0 0 0 0 0 0 0 0 0 0 0 0 0 0 0 0 0 0 0 0 0 0 0 0 0 0 0 0 30 30 30 30 30 30 30 39 39 39 39 39 18 18 40 40 40 40 32 32 24 24 28 28 28 28 29 29 29 29 29 29 29 26 26 26 26 26 26 26 26 26 26 26 26 26 26 26 26 26 26 26 26 26 26 26 26 26 26 26 26 26 26 26 26 26 26 27 27 27 27 27 27 27 27 21 21 21 21 21 21 25 25 25 25 25 25 25 25 25 25 25 25 37 37 37 17 17 17 17 20 20 20 20 20 20 20 42 42 42 42 38 38 38 38 38 38 38 38 0 0
0 0 0 0 0 0 0 0 0 0 0 0 0 0 0 0 0 0 0 0 0 0 0 0 0 0 11 11 11 11 11 11 11 11 11 11 11 11 11 11 11 0 0 0 0 0 0 0 0 0 0 0 0 0 0 0 0 0 0 0 0 0 0 0 0 0 0 0 0 0 0 0 0 0 0 0 0 0 0 0 0 0 0 0 0 0 0 0 0 0 0 0 0 0 0 0 0 0 0 0 0 0 0 0 0 0 0 0 0 0 0 0 0 0 0 0 30 30 30 30 30 39 39 39 39 39 39 39 18 18 40 40 40 40 32 32 32 31 32 29 29 29 29 29 29 29 29 29 29 29 29 26 26 26 26 26 26 26 26 35 35 35 35 26 26 26 26 26 26 26 26 26 26 26 26 26 26 26 26 26 26 26 26 26 27 27 27 27 27 27 27 27 27 21 21 21 21 25 25 25 25 25 25 25 25 25 25 25 37 37 37 37 17 17 17 17 20 20 20 20 20 20 42 42 42 42 38 38 38 38 38 38 38 38 0 0 0
0 0 0 0 0 0 0 0 0 0 0 0 0 0 0 0 0 0 0 0 0 0 0 0 0 0 11 11 11 11 11 11 11 11 11 11 11 11 11 11 11 0 0 0 0 0 0 0 0 0 0 0 0 0 0 0 0 0 0 0 0 0 0 0 0 0 0 0 0 0 0 0 0 0 0 0 0 0 0 0 0 0 0 0 0 0 0 0 0 0 0 0 0 0 0 0 0 0 0 0 0 0 0 0 0 0 0 0 0 0 0 0 0 0 0 0 30 30 30 30 39 39 39 39 39 39 39 39 18 18 40 40 40 40 32 32 32 32 29 29 29 29 29 36 36 29 29 29 29 29 29 29 29 29 29 29 29 35 35 35 35 35 35 35 35 35 35 26 26 26 26 26 26 26 26 26 26 26 26 26 26 26 26 26 27 27 27 27 27 27 27 27 27 27 21 21 21 21 25 25 25 25 25 25 25 25 25 37 37 37 37 37 17 17 17 20 20 20 20 20 20 42 42 42 42 42 38 38 38 38 38 38 38 38 0 0 0
0 0 0 0 0 0 0 0 0 0 0 0 0 0 0 0 0 0 0 0 0 0 0 0 0 0 11 11 11 11 11 11 11 11 11 11 11 33 11 34 11 11 0 0 0 0 0 0 0 0 0 0 0 0 0 0 0 0 0 0 0 0 0 0 0 0 0 0 0 0 0 0 0 0 0 0 0 0 0 0 0 0 0 0 0 0 0 0 0 0 0 0 0 0 0 0 0 0 0 0 0 0 0 0 0 0 0 0 0 0 0 0 0 0 41 41 30 30 30 30 39 39 39 39 39 39 41 41 18 18 40 40 40 40 32 32 32 32 32 32 36 36 36 36 36 29 29 29 29 29 29 29 29 29 35 35 35 35 35 35 35 35 35 35 35 35 35 35 26 26 26 26 26 26 26 26 26 26 26 26 26 26 26 26 26 27 27 27 27 27 27 27 27 27 47 47 47 47 47 47 47 47 25 25 25 25 37 37 37 37 37 37 17 17 17 20 20 20 20 20 42 42 42 42 42 38 38 38 38 38 38 38 38 38 0 0 0
0 0 0 0 0 0 0 0 0 0 0 0 0 0 0 0 0 0 0 0 0 0 0 0 0 0 11 11 11 11 11 11 11 11 11 11 33 11 34 34 34 34 34 0 0 0 0 0 0 0 0 0 0 0 0 0 0 0 0 0 0 0 0 0 0 0 0 0 0 0 0 0 0 0 0 0 0 0 0 0 0 0 0 0 0 0 0 0 0 0 0 0 0 0 0 0 0 0 0 0 0 0 0 0 0 0 0 0 0 57 57 57 57 57 41 41 41 30 30 30 39 39 39 39 39 41 41 41 18 18 40 40 40 32 32 32 32 32 32 36 36 36 36 36 36 36 29 29 29 36 36 36 35 35 35 35 35 35 35 35 35 35 35 35 35 35 35 35 35 35 26 26 26 26 26 26 26 26 26 26 26 26 26 26 46 46 27 27 27 27 27 27 27 47 47 47 47 47 47 47 47 47 47 49 49 37 37 37 37 37 37 37 17 17 17 20 20 20 20 20 42 42 42 42 38 38 38 38 38 38 38 38 0 0 0 0 0
0 0 0 0 0 0 0 0 0 0 0 0 0 0 0 0 0 0 0 0 0 0 0 0 0 0 0 0 11 11 11 11 11 11 11 33 33 34 34 34 34 34 34 34 34 0 0 0 0 0 0 0 0 0 0 0 0 0 0 0 0 0 0 0 0 0 0 0 0 0 0 0 0 0 0 0 0 0 0 0 0 0 0 0 0 0 0 0 0 0 0 0 0 0 0 0 0 0 0 0 0 0 0 0 0 0 0 0 57 57 57 57 57 57 57 41 41 30 30 39 39 39 39 39 41 41 41 59 18 18 40 40 40 32 36 36 36 36 36 36 36 36 36 36 36 36 36 36 36 36 36 35 35 35 35 35 35 35 35 35 35 35 35 35 35 35 35 35 35 35 44 44 44 46 46 46 46 46 26 26 26 26 26 46 46 46 53 27 27 27 53 53 47 47 47 47 47 47 47 47 47 47 47 49 49 49 37 37 37 37 37 37 17 17 20 20 20 20 20 42 42 42 42 38 38 38 38 38 38 38 38 0 0 0 0 0 0
0 0 0 0 0 0 0 0 0 0 0 0 0 0 0 0 0 0 0 0 0 0 0 0 0 0 0 0 0 11 11 11 11 11 33 33 34 34 34 34 34 34 34 34 34 34 0 0 0 0 0 0 0 0 0 0 0 0 0 0 0 0 0 0 0 0 0 0 0 0 0 0 0 0 0 0 0 0 0 0 0 0 0 0 0 0 0 0 0 0 0 0 0 0 0 0 0 0 0 0 0 0 0 0 0 0 0 0 57 57 57 57 57 57 57 41 41 30 39 39 39 39 39 41 41 41 59 59 18 40 40 40 40 36 36 36 36 36 36 36 36 36 36 36 36 36 36 36 36 36 35 35 35 35 58 58 58 58 58 58 35 35 35 35 35 35 35 44 44 44 44 44 44 46 46 46 46 46 46 46 46 46 46 46 46 53 53 53 53 53 53 53 47 47 47 47 47 47 47 47 47 47 47 49 49 49 45 45 37 37 37 37 17 20 20 20 20 20 42 42 42 42 38 38 38 38 38 38 38 38 0 0 0 0 0 0 0
0 0 0 0 0 0 0 0 0 0 0 0 0 0 0 0 0 0 0 0 0 0 0 0 0 0 0 0 0 0 11 11 33 33 33 33 34 34 34 34 34 34 34 34 34 34 34 34 34 0 0 0 0 0 0 0 0 0 0 0 0 0 0 0 0 0 0 0 0 0 0 0 0 0 0 0 0 0 0 0 0 0 0 0 0 0 0 0 0 0 0 0 0 0 0 0 0 0 0 0 0 0 0 0 0 0 0 0 57 57 57 57 57 57 57 41 41 41 39 39 39 41 41 41 41 59 59 18 43 40 40 40 40 40 40 36 36 36 36 36 36 36 36 36 36 36 36 35 35 35 35 35 35 58 58 58 58 58 58 58 58 58 44 44 35 35 44 44 44 44 44 44 46 46 46 46 46 46 46 46 46 46 46 46 46 53 53 53 53 53 53 53 47 47 47 47 47 47 47 47 47 47 47 47 49 49 49 45 37 37 37 17 20 20 20 20 48 48 42 42 42 38 38 38 38 38 38 38 38 38 0 0 0 0 0 0 0
0 0 0 0 0 0 0 0 0 0 0 0 0 0 0 0 0 0 0 0 0 0 0 0 0 0 0 0 0 0 0 33 33 33 33 33 34 34 34 34 34 34 34 34 34 34 34 34 34 34 0 0 0 0 0 0 0 0 0 0 0 0 0 0 0 0 0 0 0 0 0 0 0 0 0 0 0 0 0 0 0 0 0 0 0 0 0 0 0 0 0 0 0 0 0 0 0 0 0 0 0 0 0 0 0 0 0 0 57 57 57 57 57 57 57 41 41 41 41 41 41 41 41 41 59 59 59 43 40 40 40 40 40 40 40 36 36 36 36 36 36 36 36 36 36 35 35 35 35 35 35 58 58 58 58 58 58 58 44 44 44 44 44 44 44 44 44 44 44 44 44 44 69 46 46 46 46 46 46 46 46 46 46 46 53 53 53 53 53 53 53 53 47 47 47 47 47 47 47 47 47 47 47 47 49 49 49 45 45 37 17 20 20 20 20 20 48 48 42 42 42 38 38 38 38 62 62 62 62 0 0 0 0 0 0 0 0
0 0 0 0 0 0 0 0 0 0 0 0 0 0 0 0 0 0 0 0 0 0 0 0 0 0 0 0 0 0 0 0 33 33 33 33 34 34 34 34 34 34 34 34 34 34 34 34 34 34 34 0 0 0 0 0 0 0 0 0 0 0 0 0 0 0 0 0 0 0 0 0 0 0 0 0 0 0 0 0 0 0 0 0 0 0 0 0 0 0 0 0 0 0 0 0 0 0 0 0 0 0 0 0 0 0 0 0 57 57 57 57 57 57 57 41 41 41 41 41 41 41 59 59 59 43 43 43 43 43 43 40 40 40 40 35 35 35 35 35 35 35 35 35 35 35 35 35 35 58 58 58 58 58 58 68 44 44 44 44 44 44 44 63 63 63 44 44 44 44 69 69 69 46 46 46 46 46 46 46 46 46 46 53 53 53 53 53 53 53 53 53 64 47 47 47 47 47 47 47 47 47 47 47 49 49 49 49 45 45 20 20 20 20 61 61 48 48 48 42 38 48 48 62 62 62 62 62 62 0 0 0 0 0 0 0 0
0 0 0 0 0 0 0 0 0 0 0 0 0 0 0 0 0 0 0 0 0 0 0 0 0 0 0 0 0 0 0 0 33 33 33 33 33 33 34 34 34 34 34 34 34 34 34 34 34 34 34 34 52 52 0 0 0 0 0 0 0 0 0 0 0 0 0 0 0 0 0 0 0 0 0 0 0 0 0 0 0 0 0 0 0 0 0 0 0 0 0 0 0 0 0 0 0 0 0 0 0 0 0 0 0 0 0 0 57 57 57 57 57 57 57 41 41 41 41 41 41 59 59 59 43 43 43 43 43 43 43 43 35 35 35 35 35 35 35 35 35 35 35 35 35 35 35 35 58 58 58 58 58 58 68 44 44 44 44 44 44 44 63 63 63 63 63 63 63 63 69 69 69 46 46 46 46 46 46 46 46 46 53 53 53 53 53 53 53 53 53 53 64 64 64 47 47 47 47 47 47 47 47 47 49 49 49 49 45 20 20 20 20 61 61 61 61 48 48 48 48 62 62 62 62 62 62 62 62 0 0 0 0 0 0 0 0
0 0 0 0 0 0 0 0 0 0 0 0 0 0 0 0 0 0 0 0 0 0 0 0 0 0 0 0 0 0 0 0 33 33 33 33 33 33 33 50 50 34 34 34 34 34 34 34 34 34 34 34 52 52 56 56 56 0 0 0 0 0 0 0 0 0 0 0 0 0 0 0 0 0 0 0 0 0 0 0 0 0 0 0 0 0 0 0 0 0 0 0 0 0 0 0 0 0 0 0 0 0 0 0 0 0 0 75 75 57 57 57 57 57 57 41 41 41 41 41 59 59 59 59 43 43 43 43 43 43 43 35 35 35 35 35 35 35 35 35 35 35 35 35 35 35 35 58 58 58 58 58 58 68 44 44 44 44 44 44 44 44 63 63 63 63 63 63 63 69 69 69 69 69 46 46 46 46 46 46 46 46 53 53 53 53 53 53 53 53 53 64 64 64 64 64 47 47 47 47 47 47 47 47 49 49 49 49 49 49 49 61 61 61 61 61 61 61 48 48 48 62 62 62 62 62 62 62 0 0 0 0 0 0 0 0 0
0 0 0 0 0 0 0 0 0 0 0 0 0 0 0 0 0 0 0 0 0 0 0 0 0 0 0 0 0 0 0 33 33 33 33 33 33 33 50 50 50 50 50 34 34 34 34 34 34 50 51 52 52 56 56 56 56 56 56 0 0 0 0 0 0 0 0 0 0 0 0 0 0 0 0 0 0 0 0 0 0 0 0 0 0 0 0 0 0 0 0 0 0 0 0 0 0 0 0 0 0 0 0 0 0 0 0 75 75 75 57 57 57 57 57 41 41 41 41 59 59 59 59 43 43 43 43 43 43 35 35 35 35 35 35 35 35 35 35 35 35 35 67 67 67 67 58 58 58 58 58 58 68 44 44 44 44 44 44 44 44 44 63 63 63 63 63 63 69 69 69 69 69 69 46 46 46 46 46 46 46 53 53 53 53 53 53 53 53 53 53 74 64 64 64 64 64 47 47 47 47 47 47 49 49 49 49 49 49 49 49 61 61 61 61 61 61 61 48 48 48 62 62 62 62 62 62 62 0 0 0 0 0 0 0 0 0
0 0 0 0 0 0 0 0 0 0 0 0 0 0 0 0 0 0 0 0 0 0 0 0 0 0 0 0 0 33 33 33 33 33 33 33 50 50 50 50 50 50 50 50 50 50 34 34 50 51 54 55 56 56 56 56 56 56 56 56 56 56 0 0 0 0 60 60 60 60 60 60 60 0 0 0 0 0 0 0 0 0 0 0 0 0 0 0 0 0 0 0 0 0 0 0 0 0 0 0 0 0 0 0 0 75 75 75 75 75 57 57 57 57 57 41 41 41 41 59 59 59 59 43 43 43 43 43 35 35 35 35 35 35 35 35 35 35 35 35 35 67 67 67 67 58 58 58 58 58 58 68 44 44 44 44 44 44 44 44 63 63 63 63 63 63 63 63 69 69 69 69 69 69 46 46 46 46 46 46 53 53 53 53 53 53 53 53 74 74 74 74 64 64 64 64 64 64 47 47 47 47 47 49 49 49 49 49 49 49 61 61 61 61 61 61 61 61 48 48 48 62 62 62 62 62 62 0 0 0 0 0 0 0 0 0 0
0 0 0 0 0 0 0 0 0 0 0 0 0 0 0 0 0 0 0 0 0 0 0 0 0 0 0 0 0 33 33 33 33 33 33 33 50 50 50 50 50 50 50 50 50 50 50 50 51 54 55 55 55 56 56 56 56 56 56 56 56 56 56 0 0 60 60 60 60 60 60 60 60 60 60 60 0 0 0 0 0 0 0 0 0 0 0 0 0 0 0 0 0 0 0 0 0 0 0 0 0 0 0 0 75 75 75 75 75 75 57 57 57 57 57 41 41 41 41 59 59 59 59 59 35 35 35 35 35 35 35 35 35 35 35 35 35 35 35 35 67 67 67 67 58 58 58 58 58 58 68 44 44 63 63 63 63 63 63 63 63 63 63 63 73 63 63 69 69 69 69 69 69 69 46 46 46 46 46 53 53 53 53 53 53 74 74 74 74 74 74 74 64 64 64 64 64 64 47 47 47 47 47 49 49 49 49 49 49 79 79 61 61 61 61 61 61 61 48 48 48 62 62 62 62 62 62 0 0 0 0 0 0 0 0 0 0
0 0 0 0 0 0 0 0 0 0 0 0 0 0 0 0 0 0 0 0 0 0 0 0 0 0 0 0 0 33 33 33 33 33 33 33 50 50 50 50 50 50 50 50 50 50 50 51 54 55 55 55 55 56 56 56 56 56 56 56 56 56 56 56 56 60 60 60 60 60 60 60 60 60 60 60 0 0 0 0 0 0 0 0 0 0 0 0 0 0 0 0 0 0 0 0 0 0 0 0 0 0 0 75 75 75 75 75 75 75 75 57 57 57 57 41 41 41 59 59 59 59 59 59 59 59 59 35 35 35 35 35 35 35 35 35 35 35 35 67 67 67 67 58 58 58 58 68 68 68 44 44 63 63 63 63 63 63 63 63 63 63 73 73 73 73 73 69 69 69 69 69 69 69 69 46 46 46 53 53 53 53 53 53 74 74 74 74 74 74 74 74 64 64 64 64 64 64 47 47 47 47 49 49 49 49 79 79 79 79 79 61 61 61 61 61 61 61 48 48 48 62 62 62 62 62 62 0 0 0 0 0 0 0 0 0 0
0 0 0 0 0 0 0 0 0 0 0 0 0 0 0 0 0 0 0 0 0 0 0 0 0 0 0 0 0 33 33 33 33 33 33 33 50 50 50 50 50 50 50 50 50 50 54 54 55 55 55 55 55 56 56 56 56 56 56 56 56 56 56 56 56 60 60 60 60 60 60 60 60 60 60 60 60 0 0 0 0 0 0 0 0 0 0 0 0 0 0 0 0 0 0 0 0 0 0 0 0 0 75 75 75 75 75 75 75 75 75 75 57 57 57 41 41 41 59 59 59 59 59 59 59 59 59 59 35 35 35 35 35 67 67 67 67 67 67 67 67 67 58 68 68 68 68 68 68 68 44 63 63 63 63 63 63 63 63 63 73 73 73 73 73 73 85 85 69 69 69 69 69 69 69 69 46 53 53 53 53 77 77 77 74 74 74 74 74 74 74 74 78 78 64 64 64 64 64 47 47 49 49 49 49 79 79 79 79 79 79 61 61 61 61 61 61 61 48 48 71 62 62 62 62 62 62 0 0 0 0 0 0 0 0 0 0
0 0 0 0 0 0 0 0 0 0 0 0 0 0 0 0 0 0 0 0 0 0 0 0 0 0 0 0 0 0 0 33 33 33 33 50 50 50 50 50 50 50 50 50 50 50 54 54 55 55 55 55 55 55 56 56 56 56 56 65 66 56 56 56 56 60 60 60 60 60 60 60 60 60 60 60 60 60 60 60 0 0 0 0 0 0 0 0 0 0 0 0 0 0 0 0 0 0 0 91 91 91 75 75 75 75 75 75 75 75 75 75 57 57 57 41 41 59 59 59 59 59 59 59 59 59 59 59 59 59 67 67 67 67 67 67 67 67 67 67 67 67 67 68 68 68 68 68 68 68 63 63 63 63 63 63 63 63 63 73 73 73 73 73 73 73 85 85 85 69 69 69 69 69 69 69 70 70 70 77 77 86 86 86 74 74 74 74 74 74 74 74 78 78 64 64 64 64 47 47 47 49 49 49 79 79 79 79 79 79 79 61 61 61 61 61 61 61 48 48 71 62 62 62 62 62 62 0 0 0 0 0 0 0 0 0 0
0 0 0 0 0 0 0 0 0 0 0 0 0 0 0 0 0 0 0 0 0 0 0 0 0 0 0 0 0 0 0 0 50 50 50 50 50 50 50 50 50 50 50 50 50 54 54 54 55 55 55 55 55 55 56 56 56 56 65 65 66 66 66 66 66 60 60 60 60 66 66 66 82 82 82 60 60 60 60 60 60 0 0 0 0 0 0 0 0 0 0 0 0 0 0 0 91 91 91 91 91 91 91 91 91 91 75 75 75 75 75 75 75 57 57 41 59 59 59 59 59 59 59 59 59 59 59 67 67 67 67 67 67 67 67 67 67 67 67 67 67 67 67 67 68 68 68 68 68 68 68 63 63 63 63 63 63 63 73 73 73 73 73 73 73 73 85 85 85 69 69 69 69 69 69 70 70 70 77 77 86 86 86 86 74 74 74 74 74 74 74 74 78 78 64 64 64 47 47 47 49 49 49 79 79 79 79 79 79 79 61 61 61 61 61 61 71 71 71 71 71 71 71 62 62 62 0 0 0 0 0 0 0 0 0 0 0
0 0 0 0 0 0 0 0 0 0 0 0 0 0 0 0 0 0 0 0 0 0 0 0 0 0 0 0 0 0 0 0 0 50 50 50 50 50 50 50 50 50 54 54 54 54 54 54 55 55 55 55 55 55 55 56 56 56 65 66 66 66 66 66 66 60 60 66 66 66 66 82 82 82 82 88 88 88 60 88 88 60 90 90 90 0 0 0 0 0 0 0 94 0 94 91 91 91 91 91 91 91 91 91 91 91 91 75 75 75 75 75 75 75 57 72 72 72 59 59 59 59 59 67 67 67 67 67 67 67 67 67 67 67 67 67 67 67 67 67 67 67 67 67 67 68 68 68 68 68 68 63 63 63 84 84 84 73 73 73 73 73 73 73 73 85 85 85 85 85 69 69 69 69 70 77 77 77 77 86 86 86 86 86 74 74 74 74 74 74 78 78 78 78 64 64 64 47 47 49 49 49 49 79 79 79 79 79 79 61 61 61 61 61 61 61 71 71 71 71 71 71 71 71 71 71 0 0 0 0 0 0 0 0 0 0 0
0 0 0 0 0 0 0 0 0 0 0 0 0 0 0 0 0 0 0 0 0 0 0 0 0 0 0 0 0 0 0 0 50 50 50 50 50 50 50 50 50 50 54 54 54 54 54 55 55 55 55 55 55 55 55 56 65 65 65 66 66 66 66 66 66 60 66 66 66 82 82 82 82 82 88 88 88 88 88 88 88 90 90 90 90 90 0 0 90 90 94 94 94 94 94 94 91 91 91 91 91 91 91 91 91 91 91 91 75 75 75 75 75 75 75 75 72 72 83 83 83 83 67 67 67 67 67 67 67 67 67 67 67 67 67 67 67 84 84 67 67 67 67 84 84 84 84 84 84 84 84 84 84 84 84 84 73 73 73 73 85 85 85 85 85 85 85 85 85 69 69 69 69 70 77 77 77 77 77 86 86 86 86 74 74 74 74 74 74 78 78 78 78 78 78 64 47 47 49 49 49 79 79 79 79 79 79 79 61 61 61 61 61 61 61 61 71 71 71 71 71 71 71 71 71 71 0 0 0 0 0 0 0 0 0 0 0
0 0 0 0 0 0 0 0 0 0 0 0 0 0 0 0 0 0 0 0 0 0 0 0 0 0 0 0 0 0 0 0 0 50 50 50 50 50 50 50 50 54 54 54 54 54 55 55 55 55 55 55 55 55 65 65 65 65 66 66 66 66 66 66 66 66 66 82 82 82 82 82 82 82 88 88 88 88 88 88 88 90 90 90 90 90 90 90 90 90 94 94 94 94 94 94 94 91 91 91 91 91 91 91 91 91 91 91 91 75 75 75 75 75 75 75 75 83 83 83 83 67 67 67 67 67 67 67 67 67 67 67 67 67 84 84 84 84 84 84 84 84 84 84 84 84 84 84 84 84 84 84 84 84 84 73 73 85 85 85 85 85 85 85 85 85 85 85 85 69 69 69 76 77 77 77 77 86 86 86 86 74 74 74 74 74 74 78 78 78 78 78 78 78 78 78 78 49 49 49 49 79 79 79 79 79 79 61 61 61 61 61 61 61 61 71 71 71 71 71 71 71 71 71 71 0 0 0 0 0 0 0 0 0 0 0 0
0 0 0 0 0 0 0 0 0 0 0 0 0 0 0 0 0 0 0 0 0 0 0 0 0 0 0 0 0 0 0 0 0 0 0 50 50 50 50 54 54 54 54 54 55 55 55 55 55 55 55 55 55 55 65 65 80 81 66 66 66 66 66 66 66 66 82 82 82 82 82 82 82 88 88 88 88 88 88 88 105 105 90 90 90 90 90 90 90 90 94 94 94 94 94 94 94 91 91 91 91 91 91 91 91 91 91 91 91 75 75 75 75 75 75 75 83 83 83 83 83 84 84 84 84 84 67 67 67 67 67 84 84 84 84 84 84 84 84 84 84 84 84 84 84 84 84 84 84 84 84 84 84 84 84 85 85 85 85 85 85 85 85 85 85 85 85 85 85 76 76 76 76 76 77 77 86 86 86 86 74 74 74 74 78 78 78 78 78 78 78 78 78 78 78 78 78 49 49 49 89 79 79 79 79 79 61 61 61 61 61 61 61 61 61 71 71 71 71 71 71 71 71 71 97 97 0 0 0 0 0 0 0 0 0 0 0
0 0 0 0 0 0 0 0 0 0 0 0 0 0 0 0 0 0 0 0 0 0 0 0 0 0 0 0 0 0 0 0 0 0 0 0 0 50 54 54 54 54 54 54 55 55 55 55 55 55 55 55 55 80 80 80 81 81 66 66 66 66 66 66 66 66 82 82 82 82 82 82 82 88 88 88 88 88 88 88 105 105 105 90 90 90 90 90 106 106 106 94 94 94 94 94 94 91 91 91 91 91 91 91 91 91 91 91 91 75 75 75 75 83 83 83 83 83 83 83 83 83 84 84 84 84 84 84 84 84 84 84 84 84 84 84 84 84 84 84 84 84 84 84 84 84 84 84 84 84 84 84 84 84 84 84 84 85 85 85 85 85 85 85 85 85 85 85 85 76 76 76 76 76 77 77 87 86 86 74 74 78 78 78 78 78 78 78 78 78 78 78 78 78 78 78 49 49 49 89 89 89 89 89 79 89 61 61 61 61 61 61 61 96 96 71 71 71 71 71 71 97 97 97 97 97 0 0 0 0 0 0 0 0 0 0 0
0 0 0 0 0 0 0 0 0 0 0 0 0 0 0 0 0 0 0 0 0 0 0 0 0 0 0 0 0 0 0 0 0 0 0 0 0 0 54 54 54 54 54 55 55 55 55 55 55 55 55 55 55 80 80 80 81 81 66 66 66 66 66 66 66 66 82 82 82 82 82 82 88 88 88 88 88 88 88 88 105 105 105 90 90 90 90 106 106 106 106 94 94 94 94 94 94 91 91 91 91 91 91 91 91 91 91 91 91 75 75 83 83 83 83 83 83 83 83 83 83 83 83 84 84 84 84 84 84 84 84 84 84 84 84 84 84 84 84 84 84 84 84 84 84 84 84 84 84 84 84 84 84 84 84 84 84 85 85 85 85 85 85 85 85 85 85 85 85 85 85 85 85 76 76 87 87 87 87 78 78 78 78 78 78 78 78 78 78 78 78 78 78 78 78 78 49 49 49 89 89 89 89 89 89 61 61 61 61 61 61 61 96 96 96 71 71 71 71 97 97 97 97 97 97 0 0 0 0 0 0 0 0 0 0 0 0
0 0 0 0 0 0 0 0 0 0 0 0 0 0 0 0 0 0 0 0 0 0 0 0 0 0 0 0 0 0 0 0 0 0 0 0 0 0 0 54 54 54 54 55 55 55 55 55 55 55 55 55 80 80 80 81 81 81 66 66 66 66 66 66 66 66 82 82 82 82 82 88 88 88 88 88 88 88 88 88 105 105 105 90 90 106 106 106 106 106 106 94 94 94 94 94 91 91 91 91 91 91 91 91 91 91 91 91 91 92 83 83 83 83 83 103 103 83 83 103 103 103 103 103 103 103 103 84 84 84 84 84 84 84 84 84 84 84 84 84 84 84 84 84 84 84 84 84 84 84 84 84 84 84 84 84 84 84 84 85 85 85 85 85 85 85 85 85 85 85 85 85 85 85 85 87 87 87 87 78 78 78 78 78 78 78 78 78 78 78 78 78 78 78 78 78 49 49 49 89 89 89 89 89 89 89 61 61 61 96 96 96 96 96 71 71 71 71 97 97 97 97 97 97 97 97 0 0 0 0 0 0 0 0 0 0 0
0 0 0 0 0 0 0 0 0 0 0 0 0 0 0 0 0 0 0 0 0 0 0 0 0 0 0 0 0 0 0 0 0 0 0 0 0 0 0 0 54 54 54 54 55 55 55 55 55 55 98 80 80 80 81 81 81 81 66 66 66 66 66 66 66 66 66 82 82 82 93 93 93 93 100 100 88 105 105 105 105 105 105 90 90 106 106 106 106 106 106 106 94 94 94 94 91 91 91 91 91 91 91 91 91 91 91 91 91 95 83 83 83 103 103 103 103 103 103 103 103 103 103 103 103 103 103 103 84 84 84 84 84 84 84 84 84 84 84 84 84 84 84 84 84 84 84 84 84 84 84 84 84 84 84 84 84 84 104 104 104 104 104 104 104 104 104 104 104 104 85 104 104 85 85 85 87 87 87 87 87 87 78 78 78 78 78 78 78 78 78 78 78 78 78 78 49 49 49 49 89 89 89 89 89 89 89 96 96 96 96 96 96 96 97 97 97 97 97 97 97 97 97 97 97 97 0 0 0 0 0 0 0 0 0 0 0
0 0 0 0 0 0 0 0 0 0 0 0 0 0 0 0 0 0 0 0 0 0 0 0 0 0 0 0 0 0 0 0 0 0 0 0 0 0 0 0 0 54 54 54 55 55 55 55 55 98 98 98 80 80 81 81 81 81 81 66 66 66 66 66 66 66 66 82 82 99 100 93 93 100 100 100 105 105 105 105 105 105 105 90 106 106 106 106 106 106 106 106 106 106 94 91 91 91 91 91 91 91 91 91 91 91 91 91 91 95 95 95 103 103 103 103 103 103 103 103 103 103 103 103 103 103 103 103 103 103 103 103 103 103 103 103 84 84 84 84 84 104 104 104 104 104 104 104 104 104 104 104 104 104 104 104 104 104 104 104 104 104 104 104 104 104 104 104 104 104 104 107 107 107 107 107 87 87 87 87 87 87 87 87 78 78 78 78 78 78 78 78 78 78 78 78 49 49 49 49 89 89 89 89 89 89 96 96 96 96 96 96 96 96 97 97 97 97 97 97 97 97 97 97 97 0 0 0 0 0 0 0 0 0 0 0 0
0 0 0 0 0 0 0 0 0 0 0 0 0 0 0 0 0 0 0 0 0 0 0 0 0 0 0 0 0 0 0 0 0 0 0 0 0 0 0 0 54 54 98 98 98 55 55 98 98 98 98 101 101 80 81 81 81 81 81 81 66 66 66 66 66 66 82 82 99 100 100 100 100 100 100 100 105 105 105 105 105 105 105 90 106 106 106 106 106 106 106 106 106 106 94 91 91 91 91 91 91 91 91 91 91 91 91 91 91 95 95 95 102 102 103 103 103 103 103 103 103 103 103 103 103 103 103 103 103 103 103 103 103 103 103 103 103 103 103 104 104 104 104 104 104 104 104 104 104 104 104 104 104 104 104 104 104 104 104 104 104 104 104 104 104 104 104 107 107 107 107 107 107 107 107 107 87 87 87 87 87 87 87 87 87 87 87 87 87 78 78 78 78 78 78 78 49 49 49 49 89 89 89 89 89 89 96 96 96 96 96 96 96 96 96 97 97 97 97 97 97 97 0 0 0 0 0 0 0 0 0 0 0 0 0 0 0
0 0 0 0 0 0 0 0 0 0 0 0 0 0 0 0 0 0 0 0 0 0 0 0 0 0 0 0 0 0 0 0 0 0 0 0 0 0 0 0 0 98 98 98 98 98 98 98 98 98 98 101 101 101 81 81 81 81 81 81 66 66 66 66 82 82 82 99 100 100 100 100 100 100 100 100 105 105 105 105 105 105 105 90 106 106 106 106 106 106 106 106 106 106 94 91 91 91 91 91 91 91 91 91 91 91 91 91 91 95 95 95 102 102 102 103 103 103 103 103 103 103 103 103 103 103 103 103 103 103 103 103 103 103 103 103 103 103 104 104 104 104 104 104 104 104 104 104 104 104 104 104 104 104 104 104 104 104 104 104 104 104 104 104 112 107 107 107 107 107 107 107 107 107 107 107 87 87 87 87 87 87 87 87 87 87 87 87 87 87 87 78 78 87 113 113 113 49 49 89 89 89 89 89 89 96 96 96 96 96 96 96 116 116 116 97 97 97 97 97 97 0 0 0 0 0 0 0 0 0 0 0 0 0 0 0 0
0 0 0 0 0 0 0 0 0 0 0 0 0 0 0 0 0 0 0 0 0 0 0 0 0 0 0 0 0 0 0 0 0 0 0 0 0 0 0 0 0 0 98 98 98 98 98 98 98 98 98 101 101 101 81 81 81 81 81 81 66 66 66 66 99 99 99 99 100 100 100 100 100 100 100 100 105 105 105 105 105 105 105 105 106 106 106 106 106 106 106 106 106 106 106 91 91 91 91 91 91 91 91 91 91 91 91 91 91 91 95 102 102 102 102 102 102 103 102 103 103 103 103 103 103 103 103 103 103 103 103 103 103 104 104 104 104 104 104 104 104 104 104 104 104 104 104 104 104 104 104 104 104 104 104 104 104 104 104 104 104 104 104 112 107 107 107 107 107 107 107 107 107 107 107 107 107 87 87 87 87 87 87 87 87 87 87 87 87 87 87 87 87 87 113 113 113 49 49 89 89 89 89 89 96 96 96 96 96 96 116 116 116 116 116 116 97 0 0 0 0 0 0 0 0 0 0 0 0 0 0 0 0 0 0 0 0
0 0 0 0 0 0 0 0 0 0 0 0 0 0 0 0 0 0 0 0 0 0 0 0 0 0 0 0 0 0 0 0 0 0 0 0 0 0 0 0 0 0 0 98 98 98 98 98 98 98 101 101 101 101 81 81 81 81 81 81 66 66 66 99 99 99 99 99 100 100 100 100 100 100 100 105 105 105 105 105 105 105 105 105 106 106 106 106 106 106 106 106 106 106 106 91 91 91 91 91 91 91 91 91 91 91 91 91 91 91 102 102 102 102 102 102 102 102 102 102 102 102 103 103 103 103 103 103 104 104 104 104 104 104 104 104 104 104 104 104 104 104 104 104 104 104 104 104 104 104 104 104 104 104 104 104 104 104 104 104 104 104 112 107 107 107 107 107 107 107 107 107 107 107 107 107 110 87 87 87 87 87 87 87 87 87 87 87 87 87 87 87 87 87 113 113 113 49 49 89 89 89 89 96 96 96 96 96 96 96 116 116 116 116 116 116 0 0 0 0 0 0 0 0 0 0 0 0 0 0 0 0 0 0 0 0 0
0 0 0 0 0 0 0 0 0 0 0 0 0 0 0 0 0 0 0 0 0 0 0 0 0 0 0 0 0 0 0 0 0 0 0 0 0 0 0 0 0 0 0 98 98 98 98 98 98 98 101 101 101 101 81 81 81 81 81 66 66 66 99 99 99 99 99 99 100 100 100 100 108 108 109 109 109 105 105 105 105 105 105 105 105 106 106 106 106 106 106 106 106 106 106 106 91 91 91 91 91 91 91 91 91 91 91 91 91 102 102 102 102 102 102 102 102 102 102 102 102 102 103 103 103 104 104 104 104 104 104 104 104 104 104 104 104 104 104 104 104 104 104 104 104 104 104 104 104 104 104 114 114 114 114 114 114 114 114 112 112 112 107 107 110 110 110 110 110 110 110 107 107 107 107 110 110 110 87 87 87 87 87 87 87 87 87 87 87 87 87 87 87 87 113 113 113 113 113 49 89 89 115 115 96 96 96 96 96 116 116 116 116 116 116 116 116 0 0 0 0 0 0 0 0 0 0 0 0 0 0 0 0 0 0 0 0
0 0 0 0 0 0 0 0 0 0 0 0 0 0 0 0 0 0 0 0 0 0 0 0 0 0 0 0 0 0 0 0 0 0 0 0 0 0 0 0 0 0 0 98 98 98 98 98 98 101 101 101 101 81 81 81 81 81 81 81 66 66 99 99 99 99 99 99 100 100 100 108 108 111 111 109 109 109 111 105 111 111 105 105 105 105 106 106 106 106 106 106 106 106 106 106 106 106 91 91 91 91 91 91 91 91 120 120 120 102 102 102 102 102 102 102 102 102 102 104 104 104 104 104 104 104 104 104 104 104 104 104 104 104 121 121 121 121 121 121 121 121 121 121 114 114 114 114 114 114 114 114 114 114 114 114 114 114 114 112 112 112 110 110 110 110 110 110 110 110 110 110 107 107 110 110 110 110 87 87 87 87 87 87 87 87 87 87 87 122 122 122 122 122 122 113 113 113 113 113 113 113 113 115 115 96 96 96 96 116 116 116 116 116 116 116 116 0 0 0 0 0 0 0 0 0 0 0 0 0 0 0 0 0 0 0 0
0 0 0 0 0 0 0 0 0 0 0 0 0 0 0 0 0 0 0 0 0 0 0 0 0 0 0 0 0 0 0 0 0 0 0 0 0 0 0 0 0 0 0 98 98 98 98 98 101 101 101 101 101 101 81 81 81 81 81 81 66 66 99 99 99 99 99 100 100 100 108 108 111 111 111 111 111 111 111 111 111 111 111 119 105 105 106 106 106 106 106 106 106 106 106 106 106 106 106 106 91 91 91 120 120 120 120 120 120 102 102 102 102 102 102 102 102 102 104 104 104 104 104 104 104 104 104 104 104 104 104 121 121 121 121 121 121 121 121 121 121 121 121 114 114 114 114 114 114 114 114 114 114 114 114 114 114 114 112 112 112 112 112 110 110 110 110 110 110 110 110 110 110 110 110 110 110 110 129 129 87 87 87 87 87 87 122 122 122 122 122 122 122 122 122 113 113 113 113 113 113 113 115 115 115 116 116 116 116 116 116 116 116 116 116 116 130 0 0 0 0 0 0 0 0 0 0 0 0 0 0 0 0 0 0 0 0
0 0 0 0 0 0 0 0 0 0 0 0 0 0 0 0 0 0 0 0 0 0 0 0 0 0 0 0 0 0 0 0 0 0 0 0 0 0 0 0 0 0 0 98 98 98 98 101 101 101 101 101 101 101 81 81 81 81 81 81 66 99 99 99 99 99 100 100 100 108 108 108 111 111 111 111 111 111 111 111 111 111 119 119 119 119 119 119 119 119 106 120 120 106 106 120 120 120 120 120 120 120 120 120 120 120 120 120 120 120 104 102 102 102 102 102 104 104 104 104 104 104 104 104 104 104 104 104 104 104 104 121 121 121 121 121 121 121 121 121 121 114 114 114 114 114 114 114 114 114 114 114 114 114 114 114 114 114 117 112 112 112 112 112 110 117 117 117 117 117 117 110 110 110 110 110 110 127 129 129 129 87 87 122 122 122 122 122 122 122 122 122 122 122 122 113 113 113 113 113 113 113 115 115 115 115 116 116 116 116 116 116 116 116 116 130 130 0 0 0 0 0 0 0 0 0 0 0 0 0 0 0 0 0 0 0 0
0 0 0 0 0 0 0 0 0 0 0 0 0 0 0 0 0 0 0 0 0 0 0 0 0 0 0 0 0 0 0 0 0 0 0 0 0 0 0 0 0 0 0 98 98 98 98 101 101 101 101 101 101 101 81 81 81 81 81 81 66 99 99 99 99 99 100 100 100 108 108 108 111 111 111 111 111 111 111 111 118 119 119 119 119 119 119 119 119 123 120 120 120 120 120 120 120 120 120 120 120 120 120 120 120 120 120 120 120 104 104 104 104 104 104 104 104 104 104 104 104 104 104 104 104 104 104 104 104 104 121 121 121 121 121 121 121 121 121 121 114 114 114 114 114 114 114 114 114 114 114 114 114 114 114 114 114 114 114 117 117 117 117 117 117 117 117 117 117 117 117 117 117 117 110 127 127 127 129 129 129 129 122 122 122 122 122 122 122 122 122 122 122 122 122 122 113 113 113 113 113 113 115 115 115 115 115 115 116 115 116 116 116 116 130 130 130 130 0 0 0 0 0 0 0 0 0 0 0 0 0 0 0 0 0 0 0
0 0 0 0 0 0 0 0 0 0 0 0 0 0 0 0 0 0 0 0 0 0 0 0 0 0 0 0 0 0 0 0 0 0 0 0 0 0 0 0 0 0 0 0 98 98 101 101 101 101 101 101 101 101 81 81 81 81 81 99 99 99 99 99 99 99 100 100 108 108 108 108 111 111 111 111 111 111 111 111 118 119 119 119 119 119 119 119 123 123 123 120 120 120 120 120 120 120 120 120 120 120 120 120 120 120 120 104 104 104 104 104 104 104 104 104 104 104 104 104 104 104 104 104 104 104 104 126 126 126 121 121 121 121 121 121 121 121 114 114 114 114 114 114 114 114 114 114 114 114 114 114 114 114 114 114 114 114 114 114 114 114 117 117 117 117 117 117 117 117 117 117 117 117 127 127 127 129 129 129 129 129 138 122 122 122 122 122 122 122 122 122 122 122 122 122 113 113 113 113 113 115 115 115 115 115 115 115 115 115 115 130 130 130 130 130 130 130 0 0 0 0 0 0 0 0 0 0 0 0 0 0 0 0 0 0 0
0 0 0 0 0 0 0 0 0 0 0 0 0 0 0 0 0 0 0 0 0 0 0 0 0 0 0 0 0 0 0 0 0 0 0 0 0 0 0 0 0 0 0 0 0 98 101 101 101 101 101 101 101 81 81 81 81 81 99 99 99 99 99 99 99 99 108 108 108 108 108 108 111 111 111 111 111 111 111 118 118 119 119 119 119 119 119 119 123 123 123 123 120 120 120 120 120 131 131 131 131 120 120 131 131 131 104 104 104 104 104 104 104 104 104 104 104 104 104 104 104 104 104 104 104 104 126 126 126 126 121 121 121 121 121 121 114 114 114 114 114 114 114 114 114 114 114 114 114 114 114 114 114 127 127 114 114 114 127 127 127 127 127 127 127 127 117 117 117 117 127 127 127 127 127 127 129 129 129 129 129 129 138 138 138 122 122 122 122 122 122 122 122 122 122 113 113 113 113 113 113 115 115 115 115 115 115 115 115 115 130 130 130 130 130 130 130 130 0 0 0 0 0 0 0 0 0 0 0 0 0 0 0 0 0 0 0
0 0 0 0 0 0 0 0 0 0 0 0 0 0 0 0 0 0 0 0 0 0 0 0 0 0 0 0 0 0 0 0 0 0 0 0 0 0 0 0 0 0 0 0 0 101 101 101 101 101 101 101 101 101 81 99 99 99 99 99 99 99 99 99 99 99 108 108 108 108 108 108 111 111 111 111 111 111 111 118 118 119 119 119 119 119 119 119 123 123 123 123 120 120 131 131 131 131 131 131 131 131 131 131 131 131 104 104 104 104 104 104 104 104 104 104 104 104 104 104 104 104 104 104 104 104 126 126 126 126 121 121 121 121 121 121 114 114 114 114 114 114 114 114 114 114 114 114 114 114 114 127 127 127 127 127 127 127 127 127 127 127 127 127 127 127 127 127 127 127 127 127 127 127 127 127 129 129 129 129 129 149 138 138 138 138 138 138 122 122 122 122 122 122 122 113 113 113 113 113 113 115 115 115 115 115 115 115 115 115 130 130 130 130 130 130 130 130 0 0 0 0 0 0 0 0 0 0 0 0 0 0 0 0 0 0 0
0 0 0 0 0 0 0 0 0 0 0 0 0 0 0 0 0 0 0 0 0 0 0 0 0 0 0 0 0 0 0 0 0 0 0 0 0 0 0 0 0 0 0 0 0 0 0 101 101 101 101 101 101 99 99 99 99 99 99 99 99 99 99 99 99 99 108 108 108 108 108 108 111 111 111 111 111 111 118 118 118 119 119 119 119 119 119 123 123 123 123 123 120 131 131 131 131 131 131 131 131 131 131 131 131 104 104 104 104 104 104 104 104 104 104 104 104 104 104 104 104 104 104 126 126 126 126 126 126 121 121 121 121 121 114 114 114 114 114 114 114 114 114 114 114 114 114 114 127 127 127 127 127 127 127 127 127 127 127 127 127 127 127 127 127 127 127 127 127 127 127 127 127 127 127 127 129 129 129 129 129 149 149 138 138 138 138 138 138 122 122 122 122 122 122 113 113 113 113 113 113 115 115 115 115 115 115 115 115 115 130 130 130 130 130 130 130 130 0 0 0 0 0 0 0 0 0 0 0 0 0 0 0 0 0 0 0
0 0 0 0 0 0 0 0 0 0 0 0 0 0 0 0 0 0 0 0 0 0 0 0 0 0 0 0 0 0 0 0 0 0 0 0 0 0 0 0 0 0 0 0 0 0 0 101 101 101 101 101 101 99 99 99 99 99 99 99 99 99 99 99 99 99 99 108 108 108 108 108 111 111 111 111 111 118 118 118 118 119 119 119 119 119 123 123 123 123 123 125 120 131 131 131 131 131 131 131 131 131 131 131 131 131 131 104 104 104 104 104 104 104 104 104 104 104 104 104 104 104 126 126 126 126 126 126 126 121 114 114 121 114 114 114 114 114 114 114 114 114 114 114 127 127 127 127 127 127 127 127 127 127 127 127 127 127 127 127 127 127 127 127 127 127 127 127 127 127 127 127 127 127 127 129 129 129 129 129 129 149 149 138 138 138 138 138 138 122 122 122 122 122 113 113 113 113 113 113 115 115 115 115 115 115 115 115 115 130 130 130 130 130 130 130 130 130 0 0 0 0 0 0 0 0 0 0 0 0 0 0 0 0 0 0 0
0 0 0 0 0 0 0 0 0 0 0 0 0 0 0 0 0 0 0 0 0 0 0 0 0 0 0 0 0 0 0 0 0 0 0 0 0 0 0 0 0 0 0 0 0 0 0 0 0 101 101 101 99 99 99 99 99 99 99 99 99 99 99 99 99 99 99 99 108 108 108 108 108 108 111 111 111 118 118 118 118 119 119 119 119 119 124 123 123 123 123 125 125 131 131 131 131 131 131 131 131 131 131 131 131 131 131 104 104 104 104 104 104 104 104 104 104 104 139 104 126 126 126 126 126 126 126 126 126 114 114 114 114 114 114 114 114 114 114 114 114 114 114 127 127 127 127 127 127 127 127 127 127 127 127 127 127 127 127 127 127 127 127 127 127 127 127 127 127 127 127 127 127 127 129 129 129 129 129 129 149 149 149 149 138 138 138 138 138 122 122 122 122 113 113 113 113 113 113 115 115 115 115 115 115 115 115 115 130 130 130 130 130 130 130 130 130 130 0 0 0 0 0 0 0 0 0 0 0 0 0 0 0 0 0 0 0
0 0 0 0 0 0 0 0 0 0 0 0 0 0 0 0 0 0 0 0 0 0 0 0 0 0 0 0 0 0 0 0 0 0 0 0 0 0 0 0 0 0 0 0 0 0 0 0 0 0 101 99 99 99 99 99 99 99 99 99 99 99 99 99 99 99 99 99 99 108 108 108 108 108 111 111 118 118 118 118 118 118 119 119 119 124 124 123 123 123 123 128 128 125 131 131 131 131 131 131 131 131 131 131 131 131 131 104 104 104 104 104 104 104 104 104 139 139 139 126 126 126 126 126 126 126 126 126 126 114 114 114 114 114 114 114 114 114 114 114 114 127 127 127 127 127 127 127 127 127 127 127 127 127 127 127 127 127 127 127 127 127 127 127 127 127 127 127 127 127 127 127 127 127 129 129 129 129 129 149 149 149 149 149 138 138 138 138 138 122 122 122 113 113 113 113 113 113 113 115 115 115 115 115 115 115 130 130 130 130 130 130 130 130 130 130 130 143 0 0 0 0 0 0 0 0 0 0 0 0 0 0 0 0 0 0 0
0 0 0 0 0 0 0 0 0 0 0 0 0 0 0 0 0 0 0 0 0 0 0 0 0 0 0 0 0 0 0 0 0 0 0 0 0 0 0 0 0 0 0 0 0 0 0 0 0 0 0 0 99 99 99 99 99 99 99 99 99 99 99 99 99 99 99 99 99 99 108 108 108 132 132 118 118 118 118 118 118 118 119 124 124 124 123 123 123 123 123 128 128 125 131 131 131 131 131 131 131 131 131 131 131 131 131 104 104 104 104 104 104 104 139 139 139 139 139 126 126 126 126 126 126 126 126 126 126 126 137 137 114 114 114 137 137 137 137 137 127 127 127 127 127 127 127 127 127 127 127 142 142 142 127 127 127 127 127 127 127 127 127 127 127 127 127 127 127 127 127 127 127 127 129 129 129 149 149 149 149 149 149 149 138 138 138 138 138 122 122 122 113 113 113 113 113 113 113 115 115 115 115 115 115 130 130 130 130 130 130 130 130 130 130 130 143 143 0 0 0 0 0 0 0 0 0 0 0 0 0 0 0 0 0 0 0
0 0 0 0 0 0 0 0 0 0 0 0 0 0 0 0 0 0 0 0 0 0 0 0 0 0 0 0 0 0 0 0 0 0 0 0 0 0 0 0 0 0 0 0 0 0 0 0 0 0 0 0 0 99 99 99 99 99 99 99 99 99 99 99 99 99 99 99 99 99 132 132 132 132 132 132 132 118 118 118 118 118 118 124 124 124 123 123 123 123 123 123 128 128 131 131 131 131 131 131 131 131 131 131 131 131 104 104 104 136 136 104 139 139 139 139 139 139 139 126 126 126 126 126 126 126 126 126 137 137 137 137 137 137 137 137 137 137 137 127 127 127 127 127 127 127 127 127 127 127 142 142 142 142 142 142 142 142 142 142 127 127 127 127 127 127 127 127 127 127 127 127 127 129 129 129 149 149 149 149 149 149 149 149 138 138 138 138 138 122 122 113 113 113 113 113 113 113 115 115 115 115 115 115 130 130 130 130 130 130 130 130 130 130 143 143 143 143 0 0 0 0 0 0 0 0 0 0 0 0 0 0 0 0 0 0 0
0 0 0 0 0 0 0 0 0 0 0 0 0 0 0 0 0 0 0 0 0 0 0 0 0 0 0 0 0 0 0 0 0 0 0 0 0 0 0 0 0 0 0 0 0 0 0 0 0 0 0 0 0 0 99 99 99 99 99 99 99 0 0 0 99 0 99 99 99 132 132 132 132 132 132 132 132 132 132 133 118 118 118 124 124 124 124 123 123 123 123 123 128 128 131 131 131 131 131 131 131 131 131 131 131 134 104 104 136 136 136 136 139 139 139 139 139 139 139 126 126 126 126 126 126 126 126 141 137 137 137 137 137 137 137 137 137 137 137 127 127 127 127 127 127 127 127 127 142 142 142 142 142 142 142 142 142 142 142 148 148 148 148 129 129 129 129 129 127 127 127 129 129 129 129 129 149 149 149 149 149 149 149 149 138 138 138 138 122 122 122 113 113 113 113 113 113 115 115 115 115 115 115 115 130 130 130 130 130 130 130 130 130 143 143 143 143 143 0 0 0 0 0 0 0 0 0 0 0 0 0 0 0 0 0 0 0
0 0 0 0 0 0 0 0 0 0 0 0 0 0 0 0 0 0 0 0 0 0 0 0 0 0 0 0 0 0 0 0 0 0 0 0 0 0 0 0 0 0 0 0 0 0 0 0 0 0 0 0 0 0 0 0 99 99 99 99 0 0 0 0 0 0 0 99 132 132 132 132 132 132 132 132 132 132 132 133 133 118 124 124 124 124 124 123 123 123 123 123 128 128 128 131 131 131 131 131 131 131 131 131 131 135 136 136 136 136 136 136 139 139 139 139 139 139 139 126 126 126 126 126 126 126 141 141 137 137 137 137 137 137 137 137 137 150 150 127 127 127 127 127 127 127 127 127 142 142 142 142 142 142 142 142 142 142 148 148 148 148 148 129 129 129 129 129 129 129 129 129 129 129 129 129 149 149 149 149 149 149 149 149 138 138 138 138 122 122 122 113 113 113 113 113 113 115 115 115 115 115 115 130 130 130 130 130 130 130 130 130 143 143 143 143 143 143 0 0 0 0 0 0 0 0 0 0 0 0 0 0 0 0 0 0 0
0 0 0 0 0 0 0 0 0 0 0 0 0 0 0 0 0 0 0 0 0 0 0 0 0 0 0 0 0 0 0 0 0 0 0 0 0 0 0 0 0 0 0 0 0 0 0 0 0 0 0 0 0 0 0 0 99 99 0 0 0 0 0 0 0 0 0 0 132 132 132 132 132 132 132 132 132 132 133 133 133 133 124 124 124 124 124 123 123 123 123 123 128 128 128 131 131 131 131 131 131 131 131 131 135 135 136 136 136 136 136 139 139 139 139 139 139 139 139 126 126 126 126 126 126 141 141 137 137 137 137 137 137 137 137 137 150 150 150 127 127 127 127 127 127 127 146 142 142 142 142 142 142 142 142 142 142 148 148 148 148 148 129 129 129 129 129 129 129 129 129 129 129 129 129 149 149 149 149 149 149 149 149 149 138 138 138 138 122 122 122 113 113 113 113 113 113 115 115 115 115 130 130 130 130 130 130 130 130 130 130 143 143 143 143 143 143 143 0 0 0 0 0 0 0 0 0 0 0 0 0 0 0 0 0 0 0
0 0 0 0 0 0 0 0 0 0 0 0 0 0 0 0 0 0 0 0 0 0 0 0 0 0 0 0 0 0 0 0 0 0 0 0 0 0 0 0 0 0 0 0 0 0 0 0 0 0 0 0 0 0 0 0 0 0 0 0 0 0 0 0 0 0 0 0 0 132 132 132 132 132 132 132 132 132 133 133 133 133 124 124 124 124 124 123 123 123 123 123 128 128 128 128 131 131 131 131 131 131 131 131 135 136 136 136 136 136 136 139 139 139 139 139 139 139 139 126 126 126 126 126 141 141 141 137 137 137 137 137 137 137 145 145 150 150 150 127 127 127 127 127 127 146 147 142 142 142 142 142 142 142 142 142 148 148 148 148 148 129 129 129 129 129 129 129 129 129 129 129 129 129 149 149 149 149 149 149 149 149 149 149 138 138 138 122 122 122 122 113 113 113 113 113 115 115 115 115 130 130 130 130 130 130 130 130 130 130 143 143 143 143 143 143 143 143 0 0 0 0 0 0 0 0 0 0 0 0 0 0 0 0 0 0 0
0 0 0 0 0 0 0 0 0 0 0 0 0 0 0 0 0 0 0 0 0 0 0 0 0 0 0 0 0 0 0 0 0 0 0 0 0 0 0 0 0 0 0 0 0 0 0 0 0 0 0 0 0 0 0 0 0 0 0 0 0 0 0 0 0 0 0 0 0 0 132 132 132 132 132 132 132 132 133 133 133 133 124 124 124 124 124 124 124 128 128 128 128 128 128 128 131 131 131 131 131 131 131 131 135 136 136 136 136 136 140 139 139 139 139 139 139 139 139 126 141 141 141 141 141 137 137 137 137 137 137 145 145 145 145 145 150 150 150 127 127 127 127 127 146 147 147 142 142 142 142 142 142 142 148 148 148 148 148 148 129 129 129 129 129 129 129 129 129 129 129 129 129 129 149 149 149 149 149 149 149 149 149 138 138 138 138 122 122 122 122 113 113 113 113 115 115 115 115 130 130 130 130 130 130 130 130 130 130 143 143 143 143 143 143 143 143 143 0 0 0 0 0 0 0 0 0 0 0 0 0 0 0 0 0 0 0
0 0 0 0 0 0 0 0 0 0 0 0 0 0 0 0 0 0 0 0 0 0 0 0 0 0 0 0 0 0 0 0 0 0 0 0 0 0 0 0 0 0 0 0 0 0 0 0 0 0 0 0 0 0 0 0 0 0 0 0 0 0 0 0 0 0 0 0 0 0 0 132 132 132 132 132 132 133 133 133 133 133 133 124 124 124 124 124 124 128 128 128 128 128 128 128 131 131 131 131 131 131 131 131 135 135 136 136 136 136 140 140 139 139 139 139 139 139 139 139 141 141 141 141 137 137 137 137 137 137 145 145 145 145 145 150 150 150 150 150 127 127 146 146 147 147 147 142 142 142 142 142 142 148 148 148 148 148 148 148 129 129 129 129 129 129 129 129 129 129 129 129 129 149 149 149 149 149 149 149 149 149 138 138 138 138 122 122 122 122 122 113 113 113 115 115 115 115 130 130 130 130 130 130 130 130 130 130 130 143 143 143 143 143 143 143 143 0 0 0 0 0 0 0 0 0 0 0 0 0 0 0 0 0 0 0 0
0 0 0 0 0 0 0 0 0 0 0 0 0 0 0 0 0 0 0 0 0 0 0 0 0 0 0 0 0 0 0 0 0 0 0 0 0 0 0 0 0 0 0 0 0 0 0 0 0 0 0 0 0 0 0 0 0 0 0 0 0 0 0 0 0 0 0 0 0 0 0 0 132 132 132 132 132 133 133 133 133 133 133 124 124 124 124 124 124 128 128 128 128 128 128 128 131 131 131 131 131 135 135 135 135 135 136 136 136 136 136 140 140 139 139 139 139 139 139 139 141 141 141 137 137 137 137 145 145 145 145 145 145 145 145 150 150 150 150 150 127 146 146 147 147 147 147 142 142 148 142 142 148 148 148 148 148 148 148 129 129 129 129 129 129 129 129 129 129 129 129 129 129 149 149 149 149 149 149 149 149 149 138 138 138 138 122 122 122 122 122 113 113 115 115 115 115 130 130 130 130 130 130 130 130 130 130 130 143 143 0 0 0 0 0 0 0 0 0 0 0 0 0 0 0 0 0 0 0 0 0 0 0 0 0 0 0
0 0 0 0 0 0 0 0 0 0 0 0 0 0 0 0 0 0 0 0 0 0 0 0 0 0 0 0 0 0 0 0 0 0 0 0 0 0 0 0 0 0 0 0 0 0 0 0 0 0 0 0 0 0 0 0 0 0 0 0 0 0 0 0 0 0 0 0 0 0 0 0 0 132 132 132 132 133 133 133 133 133 133 133 124 124 124 124 128 128 128 128 128 128 128 128 131 131 131 131 135 135 135 135 135 135 135 136 136 136 136 140 140 139 139 139 139 139 139 139 139 141 144 145 137 137 137 145 145 145 145 145 145 150 150 150 150 150 150 150 146 147 147 147 147 147 147 148 148 148 148 148 148 148 148 148 148 148 129 129 129 129 129 129 129 129 129 129 129 129 129 129 149 149 149 149 149 149 149 149 149 138 138 138 138 138 122 122 122 122 122 113 113 115 115 115 130 130 130 130 130 130 130 130 130 130 130 143 143 0 0 0 0 0 0 0 0 0 0 0 0 0 0 0 0 0 0 0 0 0 0 0 0 0 0 0 0
0 0 0 0 0 0 0 0 0 0 0 0 0 0 0 0 0 0 0 0 0 0 0 0 0 0 0 0 0 0 0 0 0 0 0 0 0 0 0 0 0 0 0 0 0 0 0 0 0 0 0 0 0 0 0 0 0 0 0 0 0 0 0 0 0 0 0 0 0 0 0 0 0 0 132 132 132 133 133 133 133 133 133 133 133 133 124 128 128 128 128 128 128 128 128 128 128 128 131 131 135 135 135 135 135 135 135 136 136 136 136 140 140 139 139 139 139 139 139 139 139 144 144 145 145 145 145 145 145 145 145 145 150 150 150 150 150 150 150 150 150 146 151 151 151 151 151 148 148 148 148 148 148 148 148 148 148 129 129 129 129 129 129 129 129 129 129 129 129 129 129 149 149 149 149 149 149 149 149 149 149 138 138 138 138 138 122 122 122 122 122 113 113 115 130 130 130 130 130 130 130 130 130 130 130 130 143 143 0 0 0 0 0 0 0 0 0 0 0 0 0 0 0 0 0 0 0 0 0 0 0 0 0 0 0 0 0
0 0 0 0 0 0 0 0 0 0 0 0 0 0 0 0 0 0 0 0 0 0 0 0 0 0 0 0 0 0 0 0 0 0 0 0 0 0 0 0 0 0 0 0 0 0 0 0 0 0 0 0 0 0 0 0 0 0 0 0 0 0 0 0 0 0 0 0 0 0 0 0 0 0 0 132 133 133 133 133 133 133 133 133 133 133 128 128 128 128 128 128 128 128 128 128 128 128 128 135 135 135 135 135 135 135 135 136 136 136 140 140 140 140 139 139 139 139 139 139 139 139 144 145 145 145 145 145 145 145 145 150 150 150 150 150 150 150 150 150 151 151 151 151 151 151 151 151 148 148 148 148 148 148 129 129 129 129 129 129 129 129 129 129 129 129 129 129 129 129 149 149 149 149 149 149 149 149 149 149 138 138 138 138 138 157 122 122 122 122 122 113 115 130 130 130 130 130 130 130 130 130 130 130 130 143 143 0 0 0 0 0 0 0 0 0 0 0 0 0 0 0 0 0 0 0 0 0 0 0 0 0 0 0 0 0 0
0 0 0 0 0 0 0 0 0 0 0 0 0 0 0 0 0 0 0 0 0 0 0 0 0 0 0 0 0 0 0 0 0 0 0 0 0 0 0 0 0 0 0 0 0 0 0 0 0 0 0 0 0 0 0 0 0 0 0 0 0 0 0 0 0 0 0 0 0 0 0 0 0 0 0 0 0 133 133 133 133 133 133 133 133 133 0 128 128 128 128 128 128 128 128 128 128 128 128 135 135 135 135 135 135 135 135 135 136 140 140 140 140 140 140 139 139 139 139 139 139 139 144 145 145 145 145 145 145 150 150 150 150 150 150 150 150 150 150 150 151 151 151 151 151 151 151 151 148 148 148 148 148 148 149 149 149 149 149 129 129 129 129 129 129 129 129 129 149 149 149 149 149 149 149 149 149 149 149 138 138 138 138 138 157 157 122 122 122 122 152 152 152 130 130 130 130 130 130 130 130 130 130 130 143 143 0 0 0 0 0 0 0 0 0 0 0 0 0 0 0 0 0 0 0 0 0 0 0 0 0 0 0 0 0 0 0
0 0 0 0 0 0 0 0 0 0 0 0 0 0 0 0 0 0 0 0 0 0 0 0 0 0 0 0 0 0 0 0 0 0 0 0 0 0 0 0 0 0 0 0 0 0 0 0 0 0 0 0 0 0 0 0 0 0 0 0 0 0 0 0 0 0 0 0 0 0 0 0 0 0 0 0 0 0 0 0 0 0 0 0 0 0 0 0 128 128 128 128 128 128 128 128 128 128 128 135 135 135 135 135 135 135 135 135 135 140 140 140 140 140 140 139 139 139 139 139 139 139 144 144 145 145 145 145 145 153 150 150 150 150 150 150 150 150 150 150 151 151 151 151 151 151 151 151 151 151 151 151 148 148 149 149 149 149 149 149 149 149 149 149 149 149 149 149 149 149 149 149 149 149 149 149 149 149 138 138 138 138 138 157 157 157 122 122 122 122 152 152 152 130 130 130 130 130 130 130 130 130 130 143 143 0 0 0 0 0 0 0 0 0 0 0 0 0 0 0 0 0 0 0 0 0 0 0 0 0 0 0 0 0 0 0 0
0 0 0 0 0 0 0 0 0 0 0 0 0 0 0 0 0 0 0 0 0 0 0 0 0 0 0 0 0 0 0 0 0 0 0 0 0 0 0 0 0 0 0 0 0 0 0 0 0 0 0 0 0 0 0 0 0 0 0 0 0 0 0 0 0 0 0 0 0 0 0 0 0 0 0 0 0 0 0 0 0 0 0 0 0 0 0 0 128 128 128 128 128 128 128 128 128 128 128 135 135 135 135 135 135 135 135 135 135 140 140 140 140 140 140 140 140 139 139 139 139 139 144 144 144 145 145 145 145 145 153 150 150 150 150 153 153 153 153 150 150 151 151 151 151 151 151 151 151 151 151 151 151 155 149 149 149 149 149 149 149 149 149 149 149 149 149 149 149 149 149 149 149 149 149 149 149 138 138 138 138 138 157 157 157 157 122 122 122 152 152 152 130 130 130 130 130 130 130 130 130 130 143 143 0 0 0 0 0 0 0 0 0 0 0 0 0 0 0 0 0 0 0 0 0 0 0 0 0 0 0 0 0 0 0 0 0
0 0 0 0 0 0 0 0 0 0 0 0 0 0 0 0 0 0 0 0 0 0 0 0 0 0 0 0 0 0 0 0 0 0 0 0 0 0 0 0 0 0 0 0 0 0 0 0 0 0 0 0 0 0 0 0 0 0 0 0 0 0 0 0 0 0 0 0 0 0 0 0 0 0 0 0 0 0 0 0 0 0 0 0 0 0 0 0 0 0 128 128 128 128 128 128 128 128 128 135 135 135 135 135 135 135 135 135 140 140 140 140 140 140 140 140 140 140 139 139 139 144 144 144 144 145 145 145 145 145 153 153 153 153 153 153 153 153 153 155 155 155 155 155 155 155 155 155 155 155 155 155 155 155 155 155 149 149 149 149 149 149 149 149 149 149 149 149 149 149 149 149 149 149 149 149 138 138 138 138 138 157 157 157 157 157 122 122 154 152 152 152 130 130 130 130 130 130 130 130 130 143 0 0 0 0 0 0 0 0 0 0 0 0 0 0 0 0 0 0 0 0 0 0 0 0 0 0 0 0 0 0 0 0 0 0 0
0 0 0 0 0 0 0 0 0 0 0 0 0 0 0 0 0 0 0 0 0 0 0 0 0 0 0 0 0 0 0 0 0 0 0 0 0 0 0 0 0 0 0 0 0 0 0 0 0 0 0 0 0 0 0 0 0 0 0 0 0 0 0 0 0 0 0 0 0 0 0 0 0 0 0 0 0 0 0 0 0 0 0 0 0 0 0 0 0 0 0 0 0 0 0 128 128 128 135 135 135 135 135 135 135 135 135 135 140 140 140 140 140 140 140 140 140 140 139 139 144 144 144 144 144 145 145 145 153 153 153 153 153 153 153 153 153 153 153 155 155 155 155 155 155 155 155 155 155 155 155 155 155 155 155 155 155 149 149 149 149 149 149 149 149 149 149 149 149 149 149 149 149 138 138 138 138 138 138 138 157 157 157 157 157 157 122 154 154 152 152 158 130 130 130 130 130 130 130 130 143 0 0 0 0 0 0 0 0 0 0 0 0 0 0 0 0 0 0 0 0 0 0 0 0 0 0 0 0 0 0 0 0 0 0 0 0
0 0 0 0 0 0 0 0 0 0 0 0 0 0 0 0 0 0 0 0 0 0 0 0 0 0 0 0 0 0 0 0 0 0 0 0 0 0 0 0 0 0 0 0 0 0 0 0 0 0 0 0 0 0 0 0 0 0 0 0 0 0 0 0 0 0 0 0 0 0 0 0 0 0 0 0 0 0 0 0 0 0 0 0 0 0 0 0 0 0 0 0 0 0 0 0 135 135 135 135 135 135 135 135 135 135 135 135 140 140 140 140 140 140 140 140 140 140 144 144 144 144 144 144 144 145 145 145 153 153 153 153 153 153 153 153 153 153 155 155 155 155 155 155 155 155 155 155 155 155 155 155 155 155 155 155 155 155 149 149 149 149 149 149 149 149 149 149 149 149 149 138 138 138 138 138 138 138 138 138 157 157 157 157 157 161 154 154 152 158 158 158 130 130 130 130 130 130 130 143 0 0 0 0 0 0 0 0 0 0 0 0 0 0 0 0 0 0 0 0 0 0 0 0 0 0 0 0 0 0 0 0 0 0 0 0 0
0 0 0 0 0 0 0 0 0 0 0 0 0 0 0 0 0 0 0 0 0 0 0 0 0 0 0 0 0 0 0 0 0 0 0 0 0 0 0 0 0 0 0 0 0 0 0 0 0 0 0 0 0 0 0 0 0 0 0 0 0 0 0 0 0 0 0 0 0 0 0 0 0 0 0 0 0 0 0 0 0 0 0 0 0 0 0 0 0 0 0 0 0 0 0 0 0 135 135 135 135 135 135 135 135 135 135 135 135 140 140 140 140 140 140 140 140 140 144 144 144 144 144 144 144 144 145 145 153 153 153 153 153 153 153 153 153 155 155 155 155 155 155 155 155 155 155 155 155 155 155 155 155 155 155 155 155 155 155 155 155 149 149 149 149 149 149 149 149 149 138 138 138 138 138 138 138 138 138 157 157 157 157 157 161 154 154 154 158 158 158 158 130 130 130 130 130 130 143 0 0 0 0 0 0 0 0 0 0 0 0 0 0 0 0 0 0 0 0 0 0 0 0 0 0 0 0 0 0 0 0 0 0 0 0 0 0
0 0 0 0 0 0 0 0 0 0 0 0 0 0 0 0 0 0 0 0 0 0 0 0 0 0 0 0 0 0 0 0 0 0 0 0 0 0 0 0 0 0 0 0 0 0 0 0 0 0 0 0 0 0 0 0 0 0 0 0 0 0 0 0 0 0 0 0 0 0 0 0 0 0 0 0 0 0 0 0 0 0 0 0 0 0 0 0 0 0 0 0 0 0 0 0 0 0 0 0 0 135 135 135 135 135 135 135 135 140 140 140 140 140 140 140 140 140 140 144 144 144 144 144 144 144 144 145 153 153 153 153 153 153 153 153 153 155 155 155 155 155 155 155 155 155 155 155 155 155 155 155 155 155 155 155 155 155 155 155 155 155 155 155 149 149 149 138 138 138 138 138 138 138 138 138 138 138 157 157 157 157 157 161 154 154 154 158 158 158 158 130 130 130 130 130 130 143 0 0 0 0 0 0 0 0 0 0 0 0 0 0 0 0 0 0 0 0 0 0 0 0 0 0 0 0 0 0 0 0 0 0 0 0 0 0 0
0 0 0 0 0 0 0 0 0 0 0 0 0 0 0 0 0 0 0 0 0 0 0 0 0 0 0 0 0 0 0 0 0 0 0 0 0 0 0 0 0 0 0 0 0 0 0 0 0 0 0 0 0 0 0 0 0 0 0 0 0 0 0 0 0 0 0 0 0 0 0 0 0 0 0 0 0 0 0 0 0 0 0 0 0 0 0 0 0 0 0 0 0 0 0 0 0 0 0 0 0 0 0 0 135 135 135 135 135 0 0 0 140 140 140 140 140 140 144 144 144 144 144 144 144 144 144 153 153 153 153 153 153 156 156 155 155 156 156 155 155 155 155 155 155 155 155 155 155 155 155 155 155 155 155 155 155 155 155 155 155 155 155 155 138 138 138 138 138 138 138 138 138 138 138 138 157 157 157 157 157 157 161 154 154 154 158 158 158 158 158 130 130 130 130 143 143 0 0 0 0 0 0 0 0 0 0 0 0 0 0 0 0 0 0 0 0 0 0 0 0 0 0 0 0 0 0 0 0 0 0 0 0 0 0 0 0
0 0 0 0 0 0 0 0 0 0 0 0 0 0 0 0 0 0 0 0 0 0 0 0 0 0 0 0 0 0 0 0 0 0 0 0 0 0 0 0 0 0 0 0 0 0 0 0 0 0 0 0 0 0 0 0 0 0 0 0 0 0 0 0 0 0 0 0 0 0 0 0 0 0 0 0 0 0 0 0 0 0 0 0 0 0 0 0 0 0 0 0 0 0 0 0 0 0 0 0 0 0 0 0 0 135 135 135 0 0 0 0 140 140 0 0 0 140 144 144 144 144 144 144 144 144 144 153 153 153 153 153 153 156 156 156 156 156 156 156 156 156 156 156 156 155 155 155 155 155 155 155 155 155 155 155 155 155 155 155 155 155 155 138 138 138 138 138 138 138 138 138 138 138 138 157 157 157 157 157 157 157 161 154 154 154 158 158 158 158 161 130 130 130 143 143 0 0 0 0 0 0 0 0 0 0 0 0 0 0 0 0 0 0 0 0 0 0 0 0 0 0 0 0 0 0 0 0 0 0 0 0 0 0 0 0 0
0 0 0 0 0 0 0 0 0 0 0 0 0 0 0 0 0 0 0 0 0 0 0 0 0 0 0 0 0 0 0 0 0 0 0 0 0 0 0 0 0 0 0 0 0 0 0 0 0 0 0 0 0 0 0 0 0 0 0 0 0 0 0 0 0 0 0 0 0 0 0 0 0 0 0 0 0 0 0 0 0 0 0 0 0 0 0 0 0 0 0 0 0 0 0 0 0 0 0 0 0 0 0 0 0 0 0 0 0 0 0 0 0 140 0 0 0 0 0 0 144 144 144 144 144 144 144 156 156 153 153 153 156 156 156 156 156 156 156 156 156 156 156 156 156 156 156 156 155 155 155 155 155 155 155 155 155 155 155 155 155 160 138 138 138 138 138 138 138 138 138 138 138 138 157 157 157 157 157 157 157 161 161 154 158 158 158 158 158 161 130 130 143 143 143 143 0 0 0 0 0 0 0 0 0 0 0 0 0 0 0 0 0 0 0 0 0 0 0 0 0 0 0 0 0 0 0 0 0 0 0 0 0 0 0 0 0
0 0 0 0 0 0 0 0 0 0 0 0 0 0 0 0 0 0 0 0 0 0 0 0 0 0 0 0 0 0 0 0 0 0 0 0 0 0 0 0 0 0 0 0 0 0 0 0 0 0 0 0 0 0 0 0 0 0 0 0 0 0 0 0 0 0 0 0 0 0 0 0 0 0 0 0 0 0 0 0 0 0 0 0 0 0 0 0 0 0 0 0 0 0 0 0 0 0 0 0 0 0 0 0 0 0 0 0 0 0 0 0 0 0 0 0 0 0 0 0 0 0 144 144 144 144 156 156 156 153 156 156 156 156 156 156 156 156 156 156 156 156 156 156 156 156 160 160 160 160 160 160 160 160 155 155 155 155 155 160 160 138 138 138 138 138 138 138 138 138 138 138 138 157 157 157 157 157 157 157 161 161 154 154 158 158 158 161 161 159 130 143 143 143 143 0 0 0 0 0 0 0 0 0 0 0 0 0 0 0 0 0 0 0 0 0 0 0 0 0 0 0 0 0 0 0 0 0 0 0 0 0 0 0 0 0 0
0 0 0 0 0 0 0 0 0 0 0 0 0 0 0 0 0 0 0 0 0 0 0 0 0 0 0 0 0 0 0 0 0 0 0 0 0 0 0 0 0 0 0 0 0 0 0 0 0 0 0 0 0 0 0 0 0 0 0 0 0 0 0 0 0 0 0 0 0 0 0 0 0 0 0 0 0 0 0 0 0 0 0 0 0 0 0 0 0 0 0 0 0 0 0 0 0 0 0 0 0 0 0 0 0 0 0 0 0 0 0 0 0 0 0 0 0 0 0 0 0 0 144 144 144 144 156 156 156 156 156 156 156 156 156 156 156 156 156 156 156 156 156 156 156 156 160 160 160 160 160 160 160 160 160 160 155 160 160 160 138 138 138 138 138 138 138 138 138 138 138 157 157 157 157 157 157 157 161 161 161 154 154 154 158 158 161 161 161 159 159 159 159 159 0 0 0 0 0 0 0 0 0 0 0 0 0 0 0 0 0 0 0 0 0 0 0 0 0 0 0 0 0 0 0 0 0 0 0 0 0 0 0 0 0 0 0
0 0 0 0 0 0 0 0 0 0 0 0 0 0 0 0 0 0 0 0 0 0 0 0 0 0 0 0 0 0 0 0 0 0 0 0 0 0 0 0 0 0 0 0 0 0 0 0 0 0 0 0 0 0 0 0 0 0 0 0 0 0 0 0 0 0 0 0 0 0 0 0 0 0 0 0 0 0 0 0 0 0 0 0 0 0 0 0 0 0 0 0 0 0 0 0 0 0 0 0 0 0 0 0 0 0 0 0 0 0 0 0 0 0 0 0 0 0 0 0 0 0 0 144 144 144 156 156 156 156 156 156 156 156 156 156 156 156 156 156 156 156 156 156 156 160 160 160 160 160 160 160 160 160 160 160 160 160 160 138 138 138 138 138 138 138 138 138 138 138 138 157 157 157 157 157 157 161 161 161 154 154 154 158 161 161 161 161 159 159 159 159 159 0 0 0 0 0 0 0 0 0 0 0 0 0 0 0 0 0 0 0 0 0 0 0 0 0 0 0 0 0 0 0 0 0 0 0 0 0 0 0 0 0 0 0 0
0 0 0 0 0 0 0 0 0 0 0 0 0 0 0 0 0 0 0 0 0 0 0 0 0 0 0 0 0 0 0 0 0 0 0 0 0 0 0 0 0 0 0 0 0 0 0 0 0 0 0 0 0 0 0 0 0 0 0 0 0 0 0 0 0 0 0 0 0 0 0 0 0 0 0 0 0 0 0 0 0 0 0 0 0 0 0 0 0 0 0 0 0 0 0 0 0 0 0 0 0 0 0 0 0 0 0 0 0 0 0 0 0 0 0 0 0 0 0 0 0 0 0 144 144 144 144 156 156 156 156 156 156 156 156 156 156 156 156 156 156 156 156 156 160 160 160 160 160 160 160 160 160 160 160 160 160 160 138 138 138 138 138 138 138 138 138 138 138 163 163 163 157 157 157 157 161 161 161 161 154 154 158 161 161 161 161 159 159 159 159 159 0 0 0 0 0 0 0 0 0 0 0 0 0 0 0 0 0 0 0 0 0 0 0 0 0 0 0 0 0 0 0 0 0 0 0 0 0 0 0 0 0 0 0 0 0
0 0 0 0 0 0 0 0 0 0 0 0 0 0 0 0 0 0 0 0 0 0 0 0 0 0 0 0 0 0 0 0 0 0 0 0 0 0 0 0 0 0 0 0 0 0 0 0 0 0 0 0 0 0 0 0 0 0 0 0 0 0 0 0 0 0 0 0 0 0 0 0 0 0 0 0 0 0 0 0 0 0 0 0 0 0 0 0 0 0 0 0 0 0 0 0 0 0 0 0 0 0 0 0 0 0 0 0 0 0 0 0 0 0 0 0 0 0 0 0 0 0 0 0 0 0 144 156 0 156 156 156 156 156 156 156 156 156 156 156 156 156 156 156 160 160 160 160 160 160 160 160 160 160 160 166 166 138 138 138 138 138 138 138 138 138 163 163 163 163 163 163 163 157 157 157 161 161 161 161 154 158 161 161 161 159 159 159 159 159 159 0 0 0 0 0 0 0 0 0 0 0 0 0 0 0 0 0 0 0 0 0 0 0 0 0 0 0 0 0 0 0 0 0 0 0 0 0 0 0 0 0 0 0 0 0 0
0 0 0 0 0 0 0 0 0 0 0 0 0 0 0 0 0 0 0 0 0 0 0 0 0 0 0 0 0 0 0 0 0 0 0 0 0 0 0 0 0 0 0 0 0 0 0 0 0 0 0 0 0 0 0 0 0 0 0 0 0 0 0 0 0 0 0 0 0 0 0 0 0 0 0 0 0 0 0 0 0 0 0 0 0 0 0 0 0 0 0 0 0 0 0 0 0 0 0 0 0 0 0 0 0 0 0 0 0 0 0 0 0 0 0 0 0 0 0 0 0 0 0 0 0 0 0 0 0 156 156 156 156 156 156 156 156 156 156 156 156 156 156 160 160 160 160 160 160 160 160 160 160 166 166 166 166 138 138 138 138 138 138 138 163 163 163 163 163 163 163 163 163 157 157 157 161 161 161 161 161 161 161 161 161 159 159 159 159 159 0 0 0 0 0 0 0 0 0 0 0 0 0 0 0 0 0 0 0 0 0 0 0 0 0 0 0 0 0 0 0 0 0 0 0 0 0 0 0 0 0 0 0 0 0 0 0
0 0 0 0 0 0 0 0 0 0 0 0 0 0 0 0 0 0 0 0 0 0 0 0 0 0 0 0 0 0 0 0 0 0 0 0 0 0 0 0 0 0 0 0 0 0 0 0 0 0 0 0 0 0 0 0 0 0 0 0 0 0 0 0 0 0 0 0 0 0 0 0 0 0 0 0 0 0 0 0 0 0 0 0 0 0 0 0 0 0 0 0 0 0 0 0 0 0 0 0 0 0 0 0 0 0 0 0 0 0 0 0 0 0 0 0 0 0 0 0 0 0 0 0 0 0 0 0 0 0 156 156 156 156 156 156 156 156 156 156 156 156 156 162 162 162 162 162 162 160 160 160 166 166 166 166 166 138 138 138 138 163 163 163 163 163 163 163 163 163 163 163 157 157 164 161 161 161 161 161 161 161 161 159 159 159 159 159 159 159 0 0 0 0 0 0 0 0 0 0 0 0 0 0 0 0 0 0 0 0 0 0 0 0 0 0 0 0 0 0 0 0 0 0 0 0 0 0 0 0 0 0 0 0 0 0 0
0 0 0 0 0 0 0 0 0 0 0 0 0 0 0 0 0 0 0 0 0 0 0 0 0 0 0 0 0 0 0 0 0 0 0 0 0 0 0 0 0 0 0 0 0 0 0 0 0 0 0 0 0 0 0 0 0 0 0 0 0 0 0 0 0 0 0 0 0 0 0 0 0 0 0 0 0 0 0 0 0 0 0 0 0 0 0 0 0 0 0 0 0 0 0 0 0 0 0 0 0 0 0 0 0 0 0 0 0 0 0 0 0 0 0 0 0 0 0 0 0 0 0 0 0 0 0 0 0 0 0 0 0 156 156 156 156 156 156 156 156 156 156 156 162 162 162 162 162 162 162 162 166 166 166 166 138 138 138 163 163 163 163 163 163 163 163 163 163 163 163 163 157 164 161 161 161 161 161 161 159 159 159 159 159 159 159 159 159 159 0 0 0 0 0 0 0 0 0 0 0 0 0 0 0 0 0 0 0 0 0 0 0 0 0 0 0 0 0 0 0 0 0 0 0 0 0 0 0 0 0 0 0 0 0 0 0
0 0 0 0 0 0 0 0 0 0 0 0 0 0 0 0 0 0 0 0 0 0 0 0 0 0 0 0 0 0 0 0 0 0 0 0 0 0 0 0 0 0 0 0 0 0 0 0 0 0 0 0 0 0 0 0 0 0 0 0 0 0 0 0 0 0 0 0 0 0 0 0 0 0 0 0 0 0 0 0 0 0 0 0 0 0 0 0 0 0 0 0 0 0 0 0 0 0 0 0 0 0 0 0 0 0 0 0 0 0 0 0 0 0 0 0 0 0 0 0 0 0 0 0 0 0 0 0 0 0 0 0 0 156 156 156 156 156 156 156 156 156 156 156 156 162 162 162 162 162 162 162 166 166 166 138 138 163 163 163 163 163 163 163 163 163 163 163 163 163 163 163 164 165 165 159 159 159 159 159 159 159 159 159 159 159 159 159 159 0 0 0 0 0 0 0 0 0 0 0 0 0 0 0 0 0 0 0 0 0 0 0 0 0 0 0 0 0 0 0 0 0 0 0 0 0 0 0 0 0 0 0 0 0 0 0 0
0 0 0 0 0 0 0 0 0 0 0 0 0 0 0 0 0 0 0 0 0 0 0 0 0 0 0 0 0 0 0 0 0 0 0 0 0 0 0 0 0 0 0 0 0 0 0 0 0 0 0 0 0 0 0 0 0 0 0 0 0 0 0 0 0 0 0 0 0 0 0 0 0 0 0 0 0 0 0 0 0 0 0 0 0 0 0 0 0 0 0 0 0 0 0 0 0 0 0 0 0 0 0 0 0 0 0 0 0 0 0 0 0 0 0 0 0 0 0 0 0 0 0 0 0 0 0 0 0 0 0 0 0 0 156 156 156 156 156 156 156 156 156 156 156 162 162 162 162 162 162 162 166 166 166 163 163 163 163 163 163 163 163 163 163 163 163 163 163 163 163 163 163 167 159 159 159 159 159 159 159 159 159 159 159 159 159 159 159 167 0 0 0 0 0 0 0 0 0 0 0 0 0 0 0 0 0 0 0 0 0 0 0 0 0 0 0 0 0 0 0 0 0 0 0 0 0 0 0 0 0 0 0 0 0 0 0
0 0 0 0 0 0 0 0 0 0 0 0 0 0 0 0 0 0 0 0 0 0 0 0 0 0 0 0 0 0 0 0 0 0 0 0 0 0 0 0 0 0 0 0 0 0 0 0 0 0 0 0 0 0 0 0 0 0 0 0 0 0 0 0 0 0 0 0 0 0 0 0 0 0 0 0 0 0 0 0 0 0 0 0 0 0 0 0 0 0 0 0 0 0 0 0 0 0 0 0 0 0 0 0 0 0 0 0 0 0 0 0 0 0 0 0 0 0 0 0 0 0 0 0 0 0 0 0 0 0 0 0 0 0 0 0 0 156 156 156 0 156 156 162 162 162 162 162 162 162 162 166 166 166 166 166 163 163 163 163 163 163 163 163 163 163 163 163 163 163 163 163 163 167 167 167 167 159 159 159 159 159 159 159 167 167 167 167 167 167 0 0 0 0 0 0 0 0 0 0 0 0 0 0 0 0 0 0 0 0 0 0 0 0 0 0 0 0 0 0 0 0 0 0 0 0 0 0 0 0 0 0 0 0 0 0 0
0 0 0 0 0 0 0 0 0 0 0 0 0 0 0 0 0 0 0 0 0 0 0 0 0 0 0 0 0 0 0 0 0 0 0 0 0 0 0 0 0 0 0 0 0 0 0 0 0 0 0 0 0 0 0 0 0 0 0 0 0 0 0 0 0 0 0 0 0 0 0 0 0 0 0 0 0 0 0 0 0 0 0 0 0 0 0 0 0 0 0 0 0 0 0 0 0 0 0 0 0 0 0 0 0 0 0 0 0 0 0 0 0 0 0 0 0 0 0 0 0 0 0 0 0 0 0 0 0 0 0 0 0 0 0 0 0 156 0 0 0 0 0 162 162 162 162 162 162 162 162 168 168 168 168 168 163 163 163 163 163 163 163 163 163 163 163 163 163 163 163 163 163 167 167 167 167 167 159 159 167 167 167 167 167 167 167 167 167 167 0 0 0 0 0 0 0 0 0 0 0 0 0 0 0 0 0 0 0 0 0 0 0 0 0 0 0 0 0 0 0 0 0 0 0 0 0 0 0 0 0 0 0 0 0 0 0
0 0 0 0 0 0 0 0 0 0 0 0 0 0 0 0 0 0 0 0 0 0 0 0 0 0 0 0 0 0 0 0 0 0 0 0 0 0 0 0 0 0 0 0 0 0 0 0 0 0 0 0 0 0 0 0 0 0 0 0 0 0 0 0 0 0 0 0 0 0 0 0 0 0 0 0 0 0 0 0 0 0 0 0 0 0 0 0 0 0 0 0 0 0 0 0 0 0 0 0 0 0 0 0 0 0 0 0 0 0 0 0 0 0 0 0 0 0 0 0 0 0 0 0 0 0 0 0 0 0 0 0 0 0 0 0 0 0 0 0 0 0 0 162 162 162 162 162 162 162 168 168 168 168 168 168 168 163 163 163 163 163 163 163 163 168 168 168 168 168 168 163 163 167 167 167 167 167 167 167 167 167 167 167 167 167 167 167 167 167 0 0 0 0 0 0 0 0 0 0 0 0 0 0 0 0 0 0 0 0 0 0 0 0 0 0 0 0 0 0 0 0 0 0 0 0 0 0 0 0 0 0 0 0 0 0 0
0 0 0 0 0 0 0 0 0 0 0 0 0 0 0 0 0 0 0 0 0 0 0 0 0 0 0 0 0 0 0 0 0 0 0 0 0 0 0 0 0 0 0 0 0 0 0 0 0 0 0 0 0 0 0 0 0 0 0 0 0 0 0 0 0 0 0 0 0 0 0 0 0 0 0 0 0 0 0 0 0 0 0 0 0 0 0 0 0 0 0 0 0 0 0 0 0 0 0 0 0 0 0 0 0 0 0 0 0 0 0 0 0 0 0 0 0 0 0 0 0 0 0 0 0 0 0 0 0 0 0 0 0 0 0 0 0 0 0 0 0 0 0 0 0 0 162 0 162 162 168 168 168 168 168 168 168 168 168 168 168 163 163 163 168 168 168 168 168 168 168 168 168 167 167 167 167 167 167 167 167 167 167 167 167 167 167 167 167 167 0 0 0 0 0 0 0 0 0 0 0 0 0 0 0 0 0 0 0 0 0 0 0 0 0 0 0 0 0 0 0 0 0 0 0 0 0 0 0 0 0 0 0 0 0 0 0
0 0 0 0 0 0 0 0 0 0 0 0 0 0 0 0 0 0 0 0 0 0 0 0 0 0 0 0 0 0 0 0 0 0 0 0 0 0 0 0 0 0 0 0 0 0 0 0 0 0 0 0 0 0 0 0 0 0 0 0 0 0 0 0 0 0 0 0 0 0 0 0 0 0 0 0 0 0 0 0 0 0 0 0 0 0 0 0 0 0 0 0 0 0 0 0 0 0 0 0 0 0 0 0 0 0 0 0 0 0 0 0 0 0 0 0 0 0 0 0 0 0 0 0 0 0 0 0 0 0 0 0 0 0 0 0 0 0 0 0 0 0 0 0 0 0 0 0 0 162 168 168 168 168 168 168 168 168 168 168 168 168 168 168 168 168 168 168 168 168 168 168 168 168 168 167 167 167 167 167 167 167 167 167 167 167 167 167 167 167 0 0 0 0 0 0 0 0 0 0 0 0 0 0 0 0 0 0 0 0 0 0 0 0 0 0 0 0 0 0 0 0 0 0 0 0 0 0 0 0 0 0 0 0 0 0 0
0 0 0 0 0 0 0 0 0 0 0 0 0 0 0 0 0 0 0 0 0 0 0 0 0 0 0 0 0 0 0 0 0 0 0 0 0 0 0 0 0 0 0 0 0 0 0 0 0 0 0 0 0 0 0 0 0 0 0 0 0 0 0 0 0 0 0 0 0 0 0 0 0 0 0 0 0 0 0 0 0 0 0 0 0 0 0 0 0 0 0 0 0 0 0 0 0 0 0 0 0 0 0 0 0 0 0 0 0 0 0 0 0 0 0 0 0 0 0 0 0 0 0 0 0 0 0 0 0 0 0 0 0 0 0 0 0 0 0 0 0 0 0 0 0 0 0 0 0 0 168 168 168 168 168 168 168 168 168 168 168 168 168 168 168 168 168 168 168 168 168 168 168 168 168 168 167 167 167 167 167 167 167 167 167 167 167 167 167 167 0 0 0 0 0 0 0 0 0 0 0 0 0 0 0 0 0 0 0 0 0 0 0 0 0 0 0 0 0 0 0 0 0 0 0 0 0 0 0 0 0 0 0 0 0 0 0
0 0 0 0 0 0 0 0 0 0 0 0 0 0 0 0 0 0 0 0 0 0 0 0 0 0 0 0 0 0 0 0 0 0 0 0 0 0 0 0 0 0 0 0 0 0 0 0 0 0 0 0 0 0 0 0 0 0 0 0 0 0 0 0 0 0 0 0 0 0 0 0 0 0 0 0 0 0 0 0 0 0 0 0 0 0 0 0 0 0 0 0 0 0 0 0 0 0 0 0 0 0 0 0 0 0 0 0 0 0 0 0 0 0 0 0 0 0 0 0 0 0 0 0 0 0 0 0 0 0 0 0 0 0 0 0 0 0 0 0 0 0 0 0 0 0 0 0 0 0 0 168 168 168 168 168 168 168 168 168 168 168 168 168 168 168 168 168 168 168 168 168 168 168 168 168 168 168 167 167 167 167 167 167 167 167 167 167 167 167 0 0 0 0 0 0 0 0 0 0 0 0 0 0 0 0 0 0 0 0 0 0 0 0 0 0 0 0 0 0 0 0 0 0 0 0 0 0 0 0 0 0 0 0 0 0 0
0 0 0 0 0 0 0 0 0 0 0 0 0 0 0 0 0 0 0 0 0 0 0 0 0 0 0 0 0 0 0 0 0 0 0 0 0 0 0 0 0 0 0 0 0 0 0 0 0 0 0 0 0 0 0 0 0 0 0 0 0 0 0 0 0 0 0 0 0 0 0 0 0 0 0 0 0 0 0 0 0 0 0 0 0 0 0 0 0 0 0 0 0 0 0 0 0 0 0 0 0 0 0 0 0 0 0 0 0 0 0 0 0 0 0 0 0 0 0 0 0 0 0 0 0 0 0 0 0 0 0 0 0 0 0 0 0 0 0 0 0 0 0 0 0 0 0 0 0 0 0 168 168 168 168 168 168 168 168 168 168 168 168 168 168 168 168 168 168 168 168 168 168 168 168 168 168 168 168 167 167 167 167 167 167 167 167 167 167 169 169 0 0 0 0 0 0 0 0 0 0 0 0 0 0 0 0 0 0 0 0 0 0 0 0 0 0 0 0 0 0 0 0 0 0 0 0 0 0 0 0 0 0 0 0 0 0
0 0 0 0 0 0 0 0 0 0 0 0 0 0 0 0 0 0 0 0 0 0 0 0 0 0 0 0 0 0 0 0 0 0 0 0 0 0 0 0 0 0 0 0 0 0 0 0 0 0 0 0 0 0 0 0 0 0 0 0 0 0 0 0 0 0 0 0 0 0 0 0 0 0 0 0 0 0 0 0 0 0 0 0 0 0 0 0 0 0 0 0 0 0 0 0 0 0 0 0 0 0 0 0 0 0 0 0 0 0 0 0 0 0 0 0 0 0 0 0 0 0 0 0 0 0 0 0 0 0 0 0 0 0 0 0 0 0 0 0 0 0 0 0 0 0 0 0 0 0 0 0 168 168 168 168 168 168 168 168 168 168 168 168 168 168 168 168 168 168 168 168 168 168 168 168 168 168 168 167 167 167 167 167 167 167 167 169 169 169 169 0 0 0 0 0 0 0 0 0 0 0 0 0 0 0 0 0 0 0 0 0 0 0 0 0 0 0 0 0 0 0 0 0 0 0 0 0 0 0 0 0 0 0 0 0 0
0 0 0 0 0 0 0 0 0 0 0 0 0 0 0 0 0 0 0 0 0 0 0 0 0 0 0 0 0 0 0 0 0 0 0 0 0 0 0 0 0 0 0 0 0 0 0 0 0 0 0 0 0 0 0 0 0 0 0 0 0 0 0 0 0 0 0 0 0 0 0 0 0 0 0 0 0 0 0 0 0 0 0 0 0 0 0 0 0 0 0 0 0 0 0 0 0 0 0 0 0 0 0 0 0 0 0 0 0 0 0 0 0 0 0 0 0 0 0 0 0 0 0 0 0 0 0 0 0 0 0 0 0 0 0 0 0 0 0 0 0 0 0 0 0 0 0 0 0 0 0 0 168 168 168 168 168 168 168 168 168 168 168 168 168 168 168 168 168 168 168 168 168 168 168 168 168 168 168 168 168 168 167 167 167 167 169 169 169 169 169 169 0 0 0 0 0 0 0 0 0 0 0 0 0 0 0 0 0 0 0 0 0 0 0 0 0 0 0 0 0 0 0 0 0 0 0 0 0 0 0 0 0 0 0 0 0
0 0 0 0 0 0 0 0 0 0 0 0 0 0 0 0 0 0 0 0 0 0 0 0 0 0 0 0 0 0 0 0 0 0 0 0 0 0 0 0 0 0 0 0 0 0 0 0 0 0 0 0 0 0 0 0 0 0 0 0 0 0 0 0 0 0 0 0 0 0 0 0 0 0 0 0 0 0 0 0 0 0 0 0 0 0 0 0 0 0 0 0 0 0 0 0 0 0 0 0 0 0 0 0 0 0 0 0 0 0 0 0 0 0 0 0 0 0 0 0 0 0 0 0 0 0 0 0 0 0 0 0 0 0 0 0 0 0 0 0 0 0 0 0 0 0 0 0 0 0 0 0 0 0 0 0 168 0 0 0 0 168 168 168 168 168 168 168 168 168 168 168 168 168 168 168 168 168 168 168 168 168 168 169 169 169 169 169 169 169 169 169 0 0 0 0 0 0 0 0 0 0 0 0 0 0 0 0 0 0 0 0 0 0 0 0 0 0 0 0 0 0 0 0 0 0 0 0 0 0 0 0 0 0 0 0 0
0 0 0 0 0 0 0 0 0 0 0 0 0 0 0 0 0 0 0 0 0 0 0 0 0 0 0 0 0 0 0 0 0 0 0 0 0 0 0 0 0 0 0 0 0 0 0 0 0 0 0 0 0 0 0 0 0 0 0 0 0 0 0 0 0 0 0 0 0 0 0 0 0 0 0 0 0 0 0 0 0 0 0 0 0 0 0 0 0 0 0 0 0 0 0 0 0 0 0 0 0 0 0 0 0 0 0 0 0 0 0 0 0 0 0 0 0 0 0 0 0 0 0 0 0 0 0 0 0 0 0 0 0 0 0 0 0 0 0 0 0 0 0 0 0 0 0 0 0 0 0 0 0 0 0 0 0 0 0 0 0 0 168 168 168 168 168 168 168 168 168 168 168 168 168 168 168 168 168 168 168 169 169 169 169 169 169 169 169 169 170 170 0 0 0 0 0 0 0 0 0 0 0 0 0 0 0 0 0 0 0 0 0 0 0 0 0 0 0 0 0 0 0 0 0 0 0 0 0 0 0 0 0 0 0 0 0
0 0 0 0 0 0 0 0 0 0 0 0 0 0 0 0 0 0 0 0 0 0 0 0 0 0 0 0 0 0 0 0 0 0 0 0 0 0 0 0 0 0 0 0 0 0 0 0 0 0 0 0 0 0 0 0 0 0 0 0 0 0 0 0 0 0 0 0 0 0 0 0 0 0 0 0 0 0 0 0 0 0 0 0 0 0 0 0 0 0 0 0 0 0 0 0 0 0 0 0 0 0 0 0 0 0 0 0 0 0 0 0 0 0 0 0 0 0 0 0 0 0 0 0 0 0 0 0 0 0 0 0 0 0 0 0 0 0 0 0 0 0 0 0 0 0 0 0 0 0 0 0 0 0 0 0 0 0 0 0 0 0 168 168 168 168 168 168 168 168 168 168 168 168 168 168 168 168 168 168 168 169 169 169 169 169 169 169 170 170 170 170 170 170 0 0 0 0 0 0 0 0 0 0 0 0 0 0 0 0 0 0 0 0 0 0 0 0 0 0 0 0 0 0 0 0 0 0 0 0 0 0 0 0 0 0 0
0 0 0 0 0 0 0 0 0 0 0 0 0 0 0 0 0 0 0 0 0 0 0 0 0 0 0 0 0 0 0 0 0 0 0 0 0 0 0 0 0 0 0 0 0 0 0 0 0 0 0 0 0 0 0 0 0 0 0 0 0 0 0 0 0 0 0 0 0 0 0 0 0 0 0 0 0 0 0 0 0 0 0 0 0 0 0 0 0 0 0 0 0 0 0 0 0 0 0 0 0 0 0 0 0 0 0 0 0 0 0 0 0 0 0 0 0 0 0 0 0 0 0 0 0 0 0 0 0 0 0 0 0 0 0 0 0 0 0 0 0 0 0 0 0 0 0 0 0 0 0 0 0 0 0 0 0 0 0 0 0 0 0 0 0 0 0 168 168 168 168 168 168 168 168 168 168 168 168 168 168 168 168 170 169 169 170 170 170 170 170 170 170 170 0 0 0 0 0 0 0 0 0 0 0 0 0 0 0 0 0 0 0 0 0 0 0 0 0 0 0 0 0 0 0 0 0 0 0 0 0 0 0 0 0 0 0
0 0 0 0 0 0 0 0 0 0 0 0 0 0 0 0 0 0 0 0 0 0 0 0 0 0 0 0 0 0 0 0 0 0 0 0 0 0 0 0 0 0 0 0 0 0 0 0 0 0 0 0 0 0 0 0 0 0 0 0 0 0 0 0 0 0 0 0 0 0 0 0 0 0 0 0 0 0 0 0 0 0 0 0 0 0 0 0 0 0 0 0 0 0 0 0 0 0 0 0 0 0 0 0 0 0 0 0 0 0 0 0 0 0 0 0 0 0 0 0 0 0 0 0 0 0 0 0 0 0 0 0 0 0 0 0 0 0 0 0 0 0 0 0 0 0 0 0 0 0 0 0 0 0 0 0 0 0 0 0 0 0 0 0 0 0 0 0 0 168 168 168 168 168 168 168 168 168 168 168 168 170 170 170 170 170 170 170 170 170 170 170 170 0 0 0 0 0 0 0 0 0 0 0 0 0 0 0 0 0 0 0 0 0 0 0 0 0 0 0 0 0 0 0 0 0 0 0 0 0 0 0 0 0 0 0 0
0 0 0 0 0 0 0 0 0 0 0 0 0 0 0 0 0 0 0 0 0 0 0 0 0 0 0 0 0 0 0 0 0 0 0 0 0 0 0 0 0 0 0 0 0 0 0 0 0 0 0 0 0 0 0 0 0 0 0 0 0 0 0 0 0 0 0 0 0 0 0 0 0 0 0 0 0 0 0 0 0 0 0 0 0 0 0 0 0 0 0 0 0 0 0 0 0 0 0 0 0 0 0 0 0 0 0 0 0 0 0 0 0 0 0 0 0 0 0 0 0 0 0 0 0 0 0 0 0 0 0 0 0 0 0 0 0 0 0 0 0 0 0 0 0 0 0 0 0 0 0 0 0 0 0 0 0 0 0 0 0 0 0 0 0 0 0 0 0 0 0 0 0 0 168 168 168 168 168 168 168 170 170 170 170 170 170 170 170 170 170 170 170 0 0 0 0 0 0 0 0 0 0 0 0 0 0 0 0 0 0 0 0 0 0 0 0 0 0 0 0 0 0 0 0 0 0 0 0 0 0 0 0 0 0 0 0
0 0 0 0 0 0 0 0 0 0 0 0 0 0 0 0 0 0 0 0 0 0 0 0 0 0 0 0 0 0 0 0 0 0 0 0 0 0 0 0 0 0 0 0 0 0 0 0 0 0 0 0 0 0 0 0 0 0 0 0 0 0 0 0 0 0 0 0 0 0 0 0 0 0 0 0 0 0 0 0 0 0 0 0 0 0 0 0 0 0 0 0 0 0 0 0 0 0 0 0 0 0 0 0 0 0 0 0 0 0 0 0 0 0 0 0 0 0 0 0 0 0 0 0 0 0 0 0 0 0 0 0 0 0 0 0 0 0 0 0 0 0 0 0 0 0 0 0 0 0 0 0 0 0 0 0 0 0 0 0 0 0 0 0 0 0 0 0 0 0 0 0 0 0 168 168 168 168 168 168 170 170 170 170 170 170 170 170 170 170 170 170 170 0 0 0 0 0 0 0 0 0 0 0 0 0 0 0 0 0 0 0 0 0 0 0 0 0 0 0 0 0 0 0 0 0 0 0 0 0 0 0 0 0 0 0 0
0 0 0 0 0 0 0 0 0 0 0 0 0 0 0 0 0 0 0 0 0 0 0 0 0 0 0 0 0 0 0 0 0 0 0 0 0 0 0 0 0 0 0 0 0 0 0 0 0 0 0 0 0 0 0 0 0 0 0 0 0 0 0 0 0 0 0 0 0 0 0 0 0 0 0 0 0 0 0 0 0 0 0 0 0 0 0 0 0 0 0 0 0 0 0 0 0 0 0 0 0 0 0 0 0 0 0 0 0 0 0 0 0 0 0 0 0 0 0 0 0 0 0 0 0 0 0 0 0 0 0 0 0 0 0 0 0 0 0 0 0 0 0 0 0 0 0 0 0 0 0 0 0 0 0 0 0 0 0 0 0 0 0 0 0 0 0 0 0 0 0 0 0 0 168 168 168 168 170 170 170 170 170 170 170 170 170 170 170 170 170 170 170 170 0 0 0 0 0 0 0 0 0 0 0 0 0 0 0 0 0 0 0 0 0 0 0 0 0 0 0 0 0 0 0 0 0 0 0 0 0 0 0 0 0 0 0
0 0 0 0 0 0 0 0 0 0 0 0 0 0 0 0 0 0 0 0 0 0 0 0 0 0 0 0 0 0 0 0 0 0 0 0 0 0 0 0 0 0 0 0 0 0 0 0 0 0 0 0 0 0 0 0 0 0 0 0 0 0 0 0 0 0 0 0 0 0 0 0 0 0 0 0 0 0 0 0 0 0 0 0 0 0 0 0 0 0 0 0 0 0 0 0 0 0 0 0 0 0 0 0 0 0 0 0 0 0 0 0 0 0 0 0 0 0 0 0 0 0 0 0 0 0 0 0 0 0 0 0 0 0 0 0 0 0 0 0 0 0 0 0 0 0 0 0 0 0 0 0 0 0 0 0 0 0 0 0 0 0 0 0 0 0 0 0 0 0 0 0 0 0 0 168 168 168 170 170 170 170 170 0 0 0 0 170 170 170 170 170 170 170 170 0 0 0 0 0 0 0 0 0 0 0 0 0 0 0 0 0 0 0 0 0 0 0 0 0 0 0 0 0 0 0 0 0 0 0 0 0 0 0 0 0 0
0 0 0 0 0 0 0 0 0 0 0 0 0 0 0 0 0 0 0 0 0 0 0 0 0 0 0 0 0 0 0 0 0 0 0 0 0 0 0 0 0 0 0 0 0 0 0 0 0 0 0 0 0 0 0 0 0 0 0 0 0 0 0 0 0 0 0 0 0 0 0 0 0 0 0 0 0 0 0 0 0 0 0 0 0 0 0 0 0 0 0 0 0 0 0 0 0 0 0 0 0 0 0 0 0 0 0 0 0 0 0 0 0 0 0 0 0 0 0 0 0 0 0 0 0 0 0 0 0 0 0 0 0 0 0 0 0 0 0 0 0 0 0 0 0 0 0 0 0 0 0 0 0 0 0 0 0 0 0 0 0 0 0 0 0 0 0 0 0 0 0 0 0 0 0 168 168 168 170 170 0 0 0 0 0 0 0 0 0 170 170 170 170 170 170 0 0 0 0 0 0 0 0 0 0 0 0 0 0 0 0 0 0 0 0 0 0 0 0 0 0 0 0 0 0 0 0 0 0 0 0 0 0 0 0 0 0
0 0 0 0 0 0 0 0 0 0 0 0 0 0 0 0 0 0 0 0 0 0 0 0 0 0 0 0 0 0 0 0 0 0 0 0 0 0 0 0 0 0 0 0 0 0 0 0 0 0 0 0 0 0 0 0 0 0 0 0 0 0 0 0 0 0 0 0 0 0 0 0 0 0 0 0 0 0 0 0 0 0 0 0 0 0 0 0 0 0 0 0 0 0 0 0 0 0 0 0 0 0 0 0 0 0 0 0 0 0 0 0 0 0 0 0 0 0 0 0 0 0 0 0 0 0 0 0 0 0 0 0 0 0 0 0 0 0 0 0 0 0 0 0 0 0 0 0 0 0 0 0 0 0 0 0 0 0 0 0 0 0 0 0 0 0 0 0 0 0 0 0 0 0 0 0 0 170 170 0 0 0 0 0 0 0 0 0 0 0 170 170 170 170 0 0 0 0 0 0 0 0 0 0 0 0 0 0 0 0 0 0 0 0 0 0 0 0 0 0 0 0 0 0 0 0 0 0 0 0 0 0 0 0 0 0 0
0 0 0 0 0 0 0 0 0 0 0 0 0 0 0 0 0 0 0 0 0 0 0 0 0 0 0 0 0 0 0 0 0 0 0 0 0 0 0 0 0 0 0 0 0 0 0 0 0 0 0 0 0 0 0 0 0 0 0 0 0 0 0 0 0 0 0 0 0 0 0 0 0 0 0 0 0 0 0 0 0 0 0 0 0 0 0 0 0 0 0 0 0 0 0 0 0 0 0 0 0 0 0 0 0 0 0 0 0 0 0 0 0 0 0 0 0 0 0 0 0 0 0 0 0 0 0 0 0 0 0 0 0 0 0 0 0 0 0 0 0 0 0 0 0 0 0 0 0 0 0 0 0 0 0 0 0 0 0 0 0 0 0 0 0 0 0 0 0 0 0 0 0 0 0 0 0 0 0 0 0 0 0 0 0 0 0 0 0 0 0 170 170 0 0 0 0 0 0 0 0 0 0 0 0 0 0 0 0 0 0 0 0 0 0 0 0 0 0 0 0 0 0 0 0 0 0 0 0 0 0 0 0 0 0 0 0
0 0 0 0 0 0 0 0 0 0 0 0 0 0 0 0 0 0 0 0 0 0 0 0 0 0 0 0 0 0 0 0 0 0 0 0 0 0 0 0 0 0 0 0 0 0 0 0 0 0 0 0 0 0 0 0 0 0 0 0 0 0 0 0 0 0 0 0 0 0 0 0 0 0 0 0 0 0 0 0 0 0 0 0 0 0 0 0 0 0 0 0 0 0 0 0 0 0 0 0 0 0 0 0 0 0 0 0 0 0 0 0 0 0 0 0 0 0 0 0 0 0 0 0 0 0 0 0 0 0 0 0 0 0 0 0 0 0 0 0 0 0 0 0 0 0 0 0 0 0 0 0 0 0 0 0 0 0 0 0 0 0 0 0 0 0 0 0 0 0 0 0 0 0 0 0 0 0 0 0 0 0 0 0 0 0 0 0 0 0 0 0 0 0 0 0 0 0 0 0 0 0 0 0 0 0 0 0 0 0 0 0 0 0 0 0 0 0 0 0 0 0 0 0 0 0 0 0 0 0 0 0 0 0 0 0 0
0 0 0 0 0 0 0 0 0 0 0 0 0 0 0 0 0 0 0 0 0 0 0 0 0 0 0 0 0 0 0 0 0 0 0 0 0 0 0 0 0 0 0 0 0 0 0 0 0 0 0 0 0 0 0 0 0 0 0 0 0 0 0 0 0 0 0 0 0 0 0 0 0 0 0 0 0 0 0 0 0 0 0 0 0 0 0 0 0 0 0 0 0 0 0 0 0 0 0 0 0 0 0 0 0 0 0 0 0 0 0 0 0 0 0 0 0 0 0 0 0 0 0 0 0 0 0 0 0 0 0 0 0 0 0 0 0 0 0 0 0 0 0 0 0 0 0 0 0 0 0 0 0 0 0 0 0 0 0 0 0 0 0 0 0 0 0 0 0 0 0 0 0 0 0 0 0 0 0 0 0 0 0 0 0 0 0 0 0 0 0 0 0 0 0 0 0 0 0 0 0 0 0 0 0 0 0 0 0 0 0 0 0 0 0 0 0 0 0 0 0 0 0 0 0 0 0 0 0 0 0 0 0 0 0 0 0
0 0 0 0 0 0 0 0 0 0 0 0 0 0 0 0 0 0 0 0 0 0 0 0 0 0 0 0 0 0 0 0 0 0 0 0 0 0 0 0 0 0 0 0 0 0 0 0 0 0 0 0 0 0 0 0 0 0 0 0 0 0 0 0 0 0 0 0 0 0 0 0 0 0 0 0 0 0 0 0 0 0 0 0 0 0 0 0 0 0 0 0 0 0 0 0 0 0 0 0 0 0 0 0 0 0 0 0 0 0 0 0 0 0 0 0 0 0 0 0 0 0 0 0 0 0 0 0 0 0 0 0 0 0 0 0 0 0 0 0 0 0 0 0 0 0 0 0 0 0 0 0 0 0 0 0 0 0 0 0 0 0 0 0 0 0 0 0 0 0 0 0 0 0 0 0 0 0 0 0 0 0 0 0 0 0 0 0 0 0 0 0 0 0 0 0 0 0 0 0 0 0 0 0 0 0 0 0 0 0 0 0 0 0 0 0 0 0 0 0 0 0 0 0 0 0 0 0 0 0 0 0 0 0 0 0 0
